0 5
1 3
2 2
3 4
4 5
5 7
6 2
7 2
8 4
9 3
10 2
11 2
12 1
13 2
14 1
15 1
16 3
17 1
18 2
19 4
20 1
21 3
22 0
23 1
24 0
25 2
26 3
27 0
28 2
29 2
30 2
31 0
32 2
33 1
34 2
35 1
36 1
37 3
38 0
39 2
40 5
41 2
42 4
43 1
44 1
45 1
46 1
47 0
48 0
49 4
50 0
51 0
52 2
53 3
54 1
55 5
56 4
57 4
58 1
59 0
60 0
61 2
62 1
63 1
64 2
65 0
66 1
67 2
68 0
69 1
70 0
71 0
72 2
73 0
74 1
75 0
76 0
77 1
78 0
79 0
80 0
81 0
82 0
83 0
84 0
85 0
86 2
87 2
88 1
89 0
90 0
91 1
92 1
93 1
94 0
95 0
96 0
97 0
98 0
99 0
100 1
101 1
102 1
103 0
104 0
105 0
106 1
107 1
108 0
109 0
110 0
111 1
112 0
113 0
114 0
115 0
116 1
117 0
118 0
119 0
120 0
121 0
122 0
123 0
124 0
125 2
126 0
127 1
128 0
129 0
130 0
131 1
132 0
133 1
134 0
135 0
136 0
137 2
138 0
139 0
140 1
141 0
142 0
143 0
144 0
145 0
146 0
147 1
148 1
149 0
150 0
151 0
152 0
153 0
154 0
155 1
156 1
157 1
158 0
159 0
160 0
161 0
162 0
163 0
164 0
165 0
166 0
167 1
168 0
169 0
170 1
171 0
172 0
173 0
174 0
175 0
176 0
177 0
178 0
179 1
180 0
181 0
182 1
183 0
184 0
185 0
186 0
187 0
188 0
189 0
190 1
191 0
192 0
193 1
194 0
195 0
196 0
197 1
198 0
199 0
200 0
201 0
202 0
203 0
204 0
205 0
206 1
207 0
208 0
209 0
210 0
211 1
212 0
213 0
214 1
215 0
216 0
217 0
218 2
219 0
220 0
221 0
222 0
223 0
224 0
225 0
226 0
227 1
228 0
229 0
230 0
231 0
232 0
233 0
234 0
235 0
236 0
237 1
238 0
239 0
240 1
241 0
242 0
243 1
244 1
245 1
246 0
247 0
248 0
249 0
250 0
251 0
252 0
253 0
254 0
255 0
256 0
257 0
258 0
259 0
260 0
261 1
262 0
263 0
264 0
265 0
266 0
267 0
268 0
269 0
270 0
271 0
272 0
273 0
274 1
275 0
276 0
277 0
278 0
279 0
280 0
281 1
282 0
283 0
284 0
285 0
286 0
287 0
288 0
289 0
290 1
291 2
292 0
293 0
294 0
295 1
296 0
297 0
298 1
299 0
300 0
301 0
302 0
303 0
304 0
305 1
306 0
307 0
308 0
309 0
310 0
311 0
312 0
313 0
314 0
315 0
316 0
317 0
318 0
319 0
320 0
321 0
322 0
323 0
324 0
325 0
326 0
327 0
328 0
329 0
330 0
331 0
332 0
333 0
334 0
335 0
336 0
337 0
338 0
339 0
340 0
341 0
342 0
343 0
344 0
345 0
346 0
347 1
348 0
349 0
350 0
351 0
352 1
