# time  created  delivered  delivered/created
32.0000 1 0 0.0000
44.7000 1 1 1.0000
58.0000 2 1 0.5000
84.0000 3 1 0.3333
112.0000 4 1 0.2500
144.0000 5 1 0.2000
170.0000 6 1 0.1667
203.0000 7 1 0.1429
233.0000 8 1 0.1250
238.0000 8 2 0.2500
246.6000 8 3 0.3750
265.0000 9 3 0.3333
291.0000 10 3 0.3000
320.0000 11 3 0.2727
345.0000 12 3 0.2500
379.0000 13 3 0.2308
388.8000 13 4 0.3077
399.2000 13 5 0.3846
405.0000 14 5 0.3571
431.0000 15 5 0.3333
445.8000 15 6 0.4000
464.0000 16 6 0.3750
479.6000 16 7 0.4375
498.0000 17 7 0.4118
523.0000 18 7 0.3889
557.0000 19 7 0.3684
582.0000 20 7 0.3500
596.6000 20 8 0.4000
609.0000 21 8 0.3810
625.1000 21 9 0.4286
640.0000 22 9 0.4091
669.0000 23 9 0.3913
698.0000 24 9 0.3750
730.0000 25 9 0.3600
757.0000 26 9 0.3462
785.0000 27 9 0.3333
818.0000 28 9 0.3214
852.0000 29 9 0.3103
865.5000 29 10 0.3448
881.0000 30 10 0.3333
913.0000 31 10 0.3226
945.0000 32 10 0.3125
956.3000 32 11 0.3438
969.5000 32 12 0.3750
976.0000 33 12 0.3636
1007.0000 34 12 0.3529
1035.0000 35 12 0.3429
1060.0000 36 12 0.3333
1092.0000 37 12 0.3243
1121.0000 38 12 0.3158
1153.3000 38 13 0.3421
1154.0000 39 13 0.3333
1184.0000 40 13 0.3250
1216.0000 41 13 0.3171
1233.2000 41 14 0.3415
1249.0000 42 14 0.3333
1281.0000 43 14 0.3256
1313.0000 44 14 0.3182
1319.4000 44 15 0.3409
1345.0000 45 15 0.3333
1378.0000 46 15 0.3261
1379.4000 46 16 0.3478
1411.0000 47 16 0.3404
1419.9000 47 17 0.3617
1437.0000 48 17 0.3542
1465.0000 49 17 0.3469
1489.3000 49 18 0.3673
1498.0000 50 18 0.3600
1528.0000 51 18 0.3529
1560.0000 52 18 0.3462
1586.0000 53 18 0.3396
1617.0000 54 18 0.3333
1646.0000 55 18 0.3273
1677.0000 56 18 0.3214
1707.0000 57 18 0.3158
1738.1000 57 19 0.3333
1739.0000 58 19 0.3276
1769.0000 59 19 0.3220
1780.3000 59 20 0.3390
1790.1000 59 21 0.3559
1801.0000 60 21 0.3500
1826.0000 61 21 0.3443
1855.0000 62 21 0.3387
1888.0000 63 21 0.3333
1910.6000 63 22 0.3492
1915.0000 64 22 0.3438
1929.1000 64 23 0.3594
1944.0000 65 23 0.3538
1973.0000 66 23 0.3485
1998.0000 67 23 0.3433
2022.3000 67 24 0.3582
2025.0000 68 24 0.3529
2057.7000 68 25 0.3676
2059.0000 69 25 0.3623
2091.0000 70 25 0.3571
2124.0000 71 25 0.3521
2152.0000 72 25 0.3472
2182.0000 73 25 0.3425
2214.0000 74 25 0.3378
2239.0000 75 25 0.3333
2270.0000 76 25 0.3289
2298.0000 77 25 0.3247
2303.7000 77 26 0.3377
2332.0000 78 26 0.3333
2362.0000 79 26 0.3291
2387.0000 80 26 0.3250
2420.0000 81 26 0.3210
2450.0000 82 26 0.3171
2477.0000 83 26 0.3133
2502.0000 84 26 0.3095
2533.0000 85 26 0.3059
2565.0000 86 26 0.3023
2593.0000 87 26 0.2989
2627.0000 88 26 0.2955
2660.0000 89 26 0.2921
2686.5000 89 27 0.3034
2691.0000 90 27 0.3000
2724.0000 91 27 0.2967
2756.0000 92 27 0.2935
2789.0000 93 27 0.2903
2820.0000 94 27 0.2872
2839.7000 94 28 0.2979
2850.0000 95 28 0.2947
2863.0000 95 29 0.3053
2866.6000 95 30 0.3158
2881.0000 96 30 0.3125
2909.0000 97 30 0.3093
2938.0000 98 30 0.3061
2965.0000 99 30 0.3030
2990.0000 100 30 0.3000
2993.0000 100 31 0.3100
3022.0000 101 31 0.3069
3054.0000 102 31 0.3039
3081.0000 103 31 0.3010
3095.0000 103 32 0.3107
3114.0000 104 32 0.3077
3140.0000 105 32 0.3048
3165.0000 106 32 0.3019
3199.0000 107 32 0.2991
3229.0000 108 32 0.2963
3261.0000 109 32 0.2936
3288.0000 110 32 0.2909
3319.0000 111 32 0.2883
3352.0000 112 32 0.2857
3380.0000 113 32 0.2832
3409.0000 114 32 0.2807
3435.0000 115 32 0.2783
3465.0000 116 32 0.2759
3483.2000 116 33 0.2845
3494.0000 117 33 0.2821
3525.0000 118 33 0.2797
3533.7000 118 34 0.2881
3554.0000 119 34 0.2857
3587.0000 120 34 0.2833
3616.0000 121 34 0.2810
3638.8000 121 35 0.2893
3641.0000 122 35 0.2869
3673.0000 123 35 0.2846
3702.0000 124 35 0.2823
3734.0000 125 35 0.2800
3766.0000 126 35 0.2778
3775.4000 126 36 0.2857
3791.0000 127 36 0.2835
3816.0000 128 36 0.2813
3834.2000 128 37 0.2891
3846.0000 129 37 0.2868
3873.0000 130 37 0.2846
3906.0000 131 37 0.2824
3906.6000 131 38 0.2901
3931.0000 132 38 0.2879
3950.2000 132 39 0.2955
3961.0000 133 39 0.2932
3991.0000 134 39 0.2910
4022.0000 135 39 0.2889
4048.0000 136 39 0.2868
4073.0000 137 39 0.2847
4074.9000 137 40 0.2920
4104.7000 137 41 0.2993
4106.0000 138 41 0.2971
4135.0000 139 41 0.2950
4146.2000 139 42 0.3022
4164.0000 140 42 0.3000
4175.9000 140 43 0.3071
4191.0000 141 43 0.3050
4218.0000 142 43 0.3028
4247.0000 143 43 0.3007
4274.0000 144 43 0.2986
4307.0000 145 43 0.2966
4341.0000 146 43 0.2945
4371.0000 147 43 0.2925
4397.0000 148 43 0.2905
4423.0000 149 43 0.2886
4448.0000 150 43 0.2867
4481.0000 151 43 0.2848
4514.0000 152 43 0.2829
4540.0000 153 43 0.2810
4573.0000 154 43 0.2792
4602.0000 155 43 0.2774
4627.5000 155 44 0.2839
4631.0000 156 44 0.2821
4660.0000 157 44 0.2803
4678.5000 157 45 0.2866
4692.0000 158 45 0.2848
4719.0000 159 45 0.2830
4751.0000 160 45 0.2813
4778.0000 161 45 0.2795
4804.0000 162 45 0.2778
4820.4000 162 46 0.2840
4832.0000 163 46 0.2822
4858.0000 164 46 0.2805
4886.0000 165 46 0.2788
4920.0000 166 46 0.2771
4948.0000 167 46 0.2754
4978.0000 168 46 0.2738
5009.0000 169 46 0.2722
5041.0000 170 46 0.2706
5059.4000 170 47 0.2765
5071.0000 171 47 0.2749
5102.0000 172 47 0.2733
5102.9000 172 48 0.2791
5132.0000 173 48 0.2775
5163.0000 174 48 0.2759
5196.0000 175 48 0.2743
5226.0000 176 48 0.2727
5256.0000 177 48 0.2712
5289.0000 178 48 0.2697
5318.0000 179 48 0.2682
5352.0000 180 48 0.2667
5379.0000 181 48 0.2652
5404.0000 182 48 0.2637
5432.0000 183 48 0.2623
5457.0000 184 48 0.2609
5482.1000 184 49 0.2663
5487.0000 185 49 0.2649
5517.0000 186 49 0.2634
5544.0000 187 49 0.2620
5575.0000 188 49 0.2606
5605.0000 189 49 0.2593
5637.0000 190 49 0.2579
5671.0000 191 49 0.2565
5701.0000 192 49 0.2552
5729.0000 193 49 0.2539
5760.0000 194 49 0.2526
5786.0000 195 49 0.2513
5815.6000 195 50 0.2564
5820.0000 196 50 0.2551
5850.0000 197 50 0.2538
5877.4000 197 51 0.2589
5881.0000 198 51 0.2576
5913.0000 199 51 0.2563
5944.0000 200 51 0.2550
5971.0000 201 51 0.2537
5997.0000 202 51 0.2525
6030.0000 203 51 0.2512
6060.0000 204 51 0.2500
6083.5000 204 52 0.2549
6087.0000 205 52 0.2537
6114.0000 206 52 0.2524
6143.0000 207 52 0.2512
6169.0000 208 52 0.2500
6194.0000 209 52 0.2488
6226.0000 210 52 0.2476
6256.0000 211 52 0.2464
6288.0000 212 52 0.2453
6318.0000 213 52 0.2441
6348.0000 214 52 0.2430
6378.0000 215 52 0.2419
6403.0000 216 52 0.2407
6430.0000 217 52 0.2396
6463.0000 218 52 0.2385
6496.0000 219 52 0.2374
6522.0000 220 52 0.2364
6553.0000 221 52 0.2353
6576.5000 221 53 0.2398
6583.0000 222 53 0.2387
6614.0000 223 53 0.2377
6647.0000 224 53 0.2366
6679.0000 225 53 0.2356
6704.0000 226 53 0.2345
6729.0000 227 53 0.2335
6761.0000 228 53 0.2325
6786.0000 229 53 0.2314
6794.7000 229 54 0.2358
6819.0000 230 54 0.2348
6851.0000 231 54 0.2338
6883.0000 232 54 0.2328
6910.0000 233 54 0.2318
6936.0000 234 54 0.2308
6965.0000 235 54 0.2298
6979.0000 235 55 0.2340
6999.0000 236 55 0.2331
7026.0000 237 55 0.2321
7056.0000 238 55 0.2311
7090.0000 239 55 0.2301
7104.1000 239 56 0.2343
7124.0000 240 56 0.2333
7142.7000 240 57 0.2375
7151.0000 241 57 0.2365
7182.0000 242 57 0.2355
7207.0000 243 57 0.2346
7210.5000 243 58 0.2387
7240.0000 243 59 0.2428
7241.0000 244 59 0.2418
7275.0000 245 59 0.2408
7309.0000 246 59 0.2398
7337.0000 247 59 0.2389
7367.0000 248 59 0.2379
7393.0000 249 59 0.2369
7399.2000 249 60 0.2410
7413.4000 249 61 0.2450
7421.1000 249 62 0.2490
7422.0000 250 62 0.2480
7450.0000 251 62 0.2470
7477.0000 252 62 0.2460
7507.0000 253 62 0.2451
7516.8000 253 63 0.2490
7538.0000 254 63 0.2480
7572.0000 255 63 0.2471
7603.0000 256 63 0.2461
7632.0000 257 63 0.2451
7640.0000 257 64 0.2490
7660.0000 258 64 0.2481
7663.5000 258 65 0.2519
7691.0000 259 65 0.2510
7716.0000 260 65 0.2500
7742.0000 261 65 0.2490
7774.0000 262 65 0.2481
7792.2000 262 66 0.2519
7801.0000 263 66 0.2510
7829.0000 264 66 0.2500
7843.6000 264 67 0.2538
7854.0000 265 67 0.2528
7882.0000 266 67 0.2519
7915.0000 267 67 0.2509
7942.0000 268 67 0.2500
7972.0000 269 67 0.2491
8001.0000 270 67 0.2481
8006.7000 270 68 0.2519
8026.0000 271 68 0.2509
8059.0000 272 68 0.2500
8084.0000 273 68 0.2491
8099.9000 273 69 0.2527
8112.0000 274 69 0.2518
8143.0000 275 69 0.2509
8176.0000 276 69 0.2500
8203.0000 277 69 0.2491
8236.0000 278 69 0.2482
8261.0000 279 69 0.2473
8281.0000 279 70 0.2509
8281.4000 279 71 0.2545
8287.0000 280 71 0.2536
8299.1000 280 72 0.2571
8313.0000 281 72 0.2562
8339.0000 282 72 0.2553
8367.0000 283 72 0.2544
8394.0000 284 72 0.2535
8427.0000 285 72 0.2526
8455.0000 286 72 0.2517
8486.0000 287 72 0.2509
8513.0000 288 72 0.2500
8542.0000 289 72 0.2491
8574.0000 290 72 0.2483
8607.0000 291 72 0.2474
8634.0000 292 72 0.2466
8659.0000 293 72 0.2457
8689.0000 294 72 0.2449
8722.0000 295 72 0.2441
8748.0000 296 72 0.2432
8775.0000 297 72 0.2424
8800.0000 298 72 0.2416
8828.0000 299 72 0.2408
8856.0000 300 72 0.2400
8887.0000 301 72 0.2392
8917.0000 302 72 0.2384
8947.0000 303 72 0.2376
8973.0000 304 72 0.2368
8999.0000 305 72 0.2361
9024.0000 306 72 0.2353
9055.0000 307 72 0.2345
9088.0000 308 72 0.2338
9119.0000 309 72 0.2330
9145.0000 310 72 0.2323
9174.0000 311 72 0.2315
9204.0000 312 72 0.2308
9205.1000 312 73 0.2340
9235.0000 313 73 0.2332
9260.0000 314 73 0.2325
9279.2000 314 74 0.2357
9291.0000 315 74 0.2349
9322.0000 316 74 0.2342
9323.8000 316 75 0.2373
9355.0000 317 75 0.2366
9380.0000 318 75 0.2358
9405.0000 319 75 0.2351
9432.0000 320 75 0.2344
9466.0000 321 75 0.2336
9494.0000 322 75 0.2329
9512.2000 322 76 0.2360
9520.0000 323 76 0.2353
9547.0000 324 76 0.2346
9567.7000 324 77 0.2377
9573.0000 325 77 0.2369
9600.0000 326 77 0.2362
9614.4000 326 78 0.2393
9634.0000 327 78 0.2385
9661.0000 328 78 0.2378
9681.2000 328 79 0.2409
9695.0000 329 79 0.2401
9726.0000 330 79 0.2394
9738.7000 330 80 0.2424
9752.0000 331 80 0.2417
9778.0000 332 80 0.2410
9806.0000 333 80 0.2402
9835.0000 334 80 0.2395
9862.0000 335 80 0.2388
9891.0000 336 80 0.2381
9918.0000 337 80 0.2374
9951.0000 338 80 0.2367
9976.0000 339 80 0.2360
9993.7000 339 81 0.2389
9995.8000 339 82 0.2419
