# Scenario DirectDeliveryRouterSetting
# distance at msg send, delivery time, hop count, MSG_ID
267.3916 12.7000 3 M1
1871.5302 154.0000 10 M3
1742.6464 188.6000 13 M2
741.6332 185.8000 9 M7
1292.0721 255.2000 12 M5
1156.1301 180.8000 7 M9
369.7422 15.6000 3 M16
469.0557 39.6000 2 M19
1910.3472 392.1000 6 M8
1460.1880 520.5000 9 M12
799.0033 636.3000 12 M11
1006.5392 564.5000 7 M14
943.2500 862.3000 17 M10
1112.9885 381.2000 9 M29
1913.3546 1149.4000 26 M6
1429.1833 163.4000 4 M41
1467.1678 810.9000 12 M21
1281.5617 1058.3000 9 M15
1093.8142 457.1000 10 M43
1028.8697 835.3000 6 M32
293.2567 541.1000 7 M42
1568.5317 565.6000 3 M45
546.3170 1289.1000 16 M22
1902.3634 1643.3000 23 M13
328.2258 84.7000 3 M66
20.3202 5.7000 1 M77
1291.5221 1221.5000 13 M49
1261.9907 600.7000 8 M75
884.4625 386.0000 1 M83
1023.5852 479.6000 11 M80
1763.2144 779.0000 3 M74
225.1801 2572.0000 16 M18
273.6833 1213.2000 5 M76
1622.5461 940.7000 4 M87
1867.5949 1547.8000 1 M70
1725.1753 2215.4000 21 M52
714.1280 546.2000 5 M110
2198.6197 2080.6000 14 M61
563.3104 689.2000 2 M109
278.8023 458.9000 7 M121
1988.4632 1444.7000 7 M89
1095.7491 737.2000 4 M114
864.2712 184.9000 4 M134
1443.9194 3190.5000 7 M48
1681.1996 944.5000 9 M125
1104.4915 3760.4000 31 M36
881.7224 868.4000 10 M141
1274.7711 731.9000 8 M147
552.8032 1034.1000 4 M150
918.8111 271.6000 6 M187
807.6773 272.4000 2 M189
1046.2328 263.5000 5 M196
80.5171 23.5000 2 M221
916.6893 1538.7000 17 M177
1319.9580 723.0000 8 M211
1229.5266 343.1000 2 M228
148.5676 18.7000 1 M240
74.1600 3.5000 1 M243
1631.4353 511.0000 1 M227
1566.9410 373.2000 3 M237
264.4538 20.4000 2 M249
927.4196 1307.1000 2 M206
149.5475 9.8000 1 M253
1368.8523 1262.0000 7 M215
1076.0396 698.5000 12 M235
2139.4719 2388.2000 6 M182
1455.2933 2356.6000 2 M185
1121.4575 731.7000 8 M245
995.3841 6513.9000 2 M53
1206.8189 1282.0000 1 M236
1574.9127 1851.4000 10 M217
1901.3541 1448.1000 4 M231
1972.5454 778.1000 4 M285
715.5517 3519.2000 2 M194
2456.5586 350.8000 6 M304
780.0302 393.2000 4 M309
854.4356 933.7000 1 M292
1402.5960 786.4000 5 M299
714.3587 734.2000 3 M303
516.9453 1626.7000 7 M274
915.6583 332.7000 3 M328
2622.1802 590.8000 8 M319
1651.3745 -1.0000 -1 M312
3360.1481 -1.0000 -1 M311
1433.7342 -1.0000 -1 M82
1333.2641 -1.0000 -1 M310
490.0113 -1.0000 -1 M81
1535.5111 -1.0000 -1 M84
1606.2748 -1.0000 -1 M316
671.9814 -1.0000 -1 M315
1598.5827 -1.0000 -1 M86
679.7057 -1.0000 -1 M314
918.9644 -1.0000 -1 M85
948.7900 -1.0000 -1 M313
283.7200 -1.0000 -1 M88
284.5399 -1.0000 -1 M318
2944.5315 -1.0000 -1 M317
2169.7040 -1.0000 -1 M91
1707.8124 -1.0000 -1 M301
1960.5839 -1.0000 -1 M90
2057.8140 -1.0000 -1 M300
1187.8781 -1.0000 -1 M93
1511.0912 -1.0000 -1 M92
522.7100 -1.0000 -1 M95
1007.9217 -1.0000 -1 M305
570.2549 -1.0000 -1 M94
1367.0473 -1.0000 -1 M97
1130.1855 -1.0000 -1 M96
929.5914 -1.0000 -1 M302
1733.0957 -1.0000 -1 M99
1797.6864 -1.0000 -1 M98
816.8687 -1.0000 -1 M308
1746.0707 -1.0000 -1 M307
1740.2767 -1.0000 -1 M306
1376.0128 -1.0000 -1 M330
864.2295 -1.0000 -1 M213
910.7886 -1.0000 -1 M334
567.1935 -1.0000 -1 M212
1618.1241 -1.0000 -1 M333
433.9965 -1.0000 -1 M332
1820.4389 -1.0000 -1 M210
934.7811 -1.0000 -1 M331
1876.8854 -1.0000 -1 M338
2285.6341 -1.0000 -1 M216
2596.9943 -1.0000 -1 M337
1678.3221 -1.0000 -1 M336
2774.1015 -1.0000 -1 M214
1799.3446 -1.0000 -1 M335
1513.6116 -1.0000 -1 M219
412.5203 -1.0000 -1 M218
1573.4798 -1.0000 -1 M339
1867.9985 -1.0000 -1 M202
966.6811 -1.0000 -1 M323
1032.0409 -1.0000 -1 M201
602.9453 -1.0000 -1 M322
1060.3525 -1.0000 -1 M200
574.3935 -1.0000 -1 M321
2175.5187 -1.0000 -1 M320
1993.6012 -1.0000 -1 M327
706.1770 -1.0000 -1 M205
1257.6417 -1.0000 -1 M326
2277.6215 -1.0000 -1 M204
1890.8620 -1.0000 -1 M325
171.9648 -1.0000 -1 M203
1688.4975 -1.0000 -1 M324
2397.7709 -1.0000 -1 M209
1478.9725 -1.0000 -1 M208
2311.9654 -1.0000 -1 M329
1501.8981 -1.0000 -1 M207
1850.3207 -1.0000 -1 M230
778.7952 -1.0000 -1 M113
792.8319 -1.0000 -1 M234
1883.9101 -1.0000 -1 M112
99.9148 -1.0000 -1 M233
1222.2389 -1.0000 -1 M111
572.1381 -1.0000 -1 M232
2117.8556 -1.0000 -1 M118
768.2235 -1.0000 -1 M239
1776.7005 -1.0000 -1 M117
1884.9964 -1.0000 -1 M238
1869.4875 -1.0000 -1 M116
1081.9550 -1.0000 -1 M115
960.0209 -1.0000 -1 M119
817.6544 -1.0000 -1 M220
2607.6257 -1.0000 -1 M103
2904.0829 -1.0000 -1 M224
3885.4859 -1.0000 -1 M102
1489.0803 -1.0000 -1 M223
1256.8352 -1.0000 -1 M101
1916.7752 -1.0000 -1 M222
1491.5037 -1.0000 -1 M100
1625.7267 -1.0000 -1 M107
1629.8369 -1.0000 -1 M106
544.5924 -1.0000 -1 M105
1969.5394 -1.0000 -1 M226
770.3708 -1.0000 -1 M104
775.7966 -1.0000 -1 M225
2537.7246 -1.0000 -1 M108
922.4377 -1.0000 -1 M229
1104.6003 -1.0000 -1 M132
859.8495 -1.0000 -1 M131
1686.5695 -1.0000 -1 M252
1850.6302 -1.0000 -1 M130
949.9404 -1.0000 -1 M251
909.4136 -1.0000 -1 M250
3572.0267 -1.0000 -1 M136
819.7899 -1.0000 -1 M257
1794.2389 -1.0000 -1 M135
1453.4045 -1.0000 -1 M256
1825.8072 -1.0000 -1 M255
1859.0435 -1.0000 -1 M133
3014.6518 -1.0000 -1 M254
1269.6941 -1.0000 -1 M139
1328.8698 -1.0000 -1 M138
1963.5555 -1.0000 -1 M259
621.0681 -1.0000 -1 M137
1038.8796 -1.0000 -1 M258
2280.2412 -1.0000 -1 M260
1004.0476 -1.0000 -1 M242
1269.4797 -1.0000 -1 M120
1022.4000 -1.0000 -1 M241
1742.1639 -1.0000 -1 M246
1303.0122 -1.0000 -1 M124
2750.5111 -1.0000 -1 M123
1134.7936 -1.0000 -1 M244
2799.2773 -1.0000 -1 M122
1284.6152 -1.0000 -1 M129
2124.1615 -1.0000 -1 M128
597.3601 -1.0000 -1 M127
1193.3468 -1.0000 -1 M248
1141.5894 -1.0000 -1 M126
2153.6209 -1.0000 -1 M247
1693.7282 -1.0000 -1 M154
552.5471 -1.0000 -1 M275
844.2630 -1.0000 -1 M153
2065.3136 -1.0000 -1 M152
1825.7029 -1.0000 -1 M273
959.9992 -1.0000 -1 M151
1748.3690 -1.0000 -1 M272
1639.9872 -1.0000 -1 M158
845.4287 -1.0000 -1 M279
753.6249 -1.0000 -1 M157
1151.8051 -1.0000 -1 M278
1129.4441 -1.0000 -1 M156
1070.2469 -1.0000 -1 M277
1395.3637 -1.0000 -1 M155
1851.7657 -1.0000 -1 M276
1227.0437 -1.0000 -1 M159
411.9342 -1.0000 -1 M161
1013.3766 -1.0000 -1 M282
1768.9683 -1.0000 -1 M160
1851.9476 -1.0000 -1 M281
1093.6575 -1.0000 -1 M280
802.4646 -1.0000 -1 M143
2472.9588 -1.0000 -1 M264
3786.5727 -1.0000 -1 M142
918.1867 -1.0000 -1 M263
727.8561 -1.0000 -1 M262
1059.1737 -1.0000 -1 M140
516.0683 -1.0000 -1 M261
1499.5820 -1.0000 -1 M268
1243.9016 -1.0000 -1 M146
1667.1291 -1.0000 -1 M267
2921.2816 -1.0000 -1 M145
1590.5199 -1.0000 -1 M266
1186.6612 -1.0000 -1 M144
1351.7189 -1.0000 -1 M265
1201.7944 -1.0000 -1 M149
1165.0093 -1.0000 -1 M148
1785.6180 -1.0000 -1 M269
1442.0044 -1.0000 -1 M17
2838.5655 -1.0000 -1 M271
1317.8313 -1.0000 -1 M270
441.6399 -1.0000 -1 M176
1399.6576 -1.0000 -1 M297
2083.6116 -1.0000 -1 M175
582.8192 -1.0000 -1 M296
363.7759 -1.0000 -1 M174
380.8898 -1.0000 -1 M295
1226.3754 -1.0000 -1 M173
192.9147 -1.0000 -1 M294
1266.9797 -1.0000 -1 M179
338.8243 -1.0000 -1 M178
769.3625 -1.0000 -1 M298
799.6340 -1.0000 -1 M20
970.5604 -1.0000 -1 M24
1497.5083 -1.0000 -1 M23
1448.6099 -1.0000 -1 M26
2212.2410 -1.0000 -1 M25
1760.3097 -1.0000 -1 M28
1455.1611 -1.0000 -1 M27
1681.9426 -1.0000 -1 M183
502.2947 -1.0000 -1 M181
1021.2234 -1.0000 -1 M180
1181.8916 -1.0000 -1 M165
975.0467 -1.0000 -1 M286
927.6783 -1.0000 -1 M164
1316.2717 -1.0000 -1 M163
2543.3123 -1.0000 -1 M284
1365.9090 -1.0000 -1 M162
1794.4407 -1.0000 -1 M283
501.8715 -1.0000 -1 M169
543.5264 -1.0000 -1 M168
627.5668 -1.0000 -1 M289
554.2612 -1.0000 -1 M167
1525.7447 -1.0000 -1 M288
916.0405 -1.0000 -1 M166
2364.2365 -1.0000 -1 M287
1309.4481 -1.0000 -1 M31
661.8465 -1.0000 -1 M30
782.2994 -1.0000 -1 M33
552.5419 -1.0000 -1 M35
1031.5461 -1.0000 -1 M34
1093.0579 -1.0000 -1 M37
1848.3799 -1.0000 -1 M39
427.5020 -1.0000 -1 M38
643.4446 -1.0000 -1 M172
1399.3192 -1.0000 -1 M293
664.4556 -1.0000 -1 M171
1920.5002 -1.0000 -1 M170
1491.7115 -1.0000 -1 M291
2252.5694 -1.0000 -1 M290
885.6691 -1.0000 -1 M198
744.2698 -1.0000 -1 M197
1625.1402 -1.0000 -1 M195
3365.7623 -1.0000 -1 M4
624.3510 -1.0000 -1 M199
1453.1357 -1.0000 -1 M40
1067.9390 -1.0000 -1 M44
1535.9192 -1.0000 -1 M46
2634.0937 -1.0000 -1 M47
689.1405 -1.0000 -1 M186
1027.4986 -1.0000 -1 M184
1807.5652 -1.0000 -1 M188
310.4034 -1.0000 -1 M51
1868.6428 -1.0000 -1 M50
671.9948 -1.0000 -1 M55
2114.9335 -1.0000 -1 M54
277.5884 -1.0000 -1 M57
227.1698 -1.0000 -1 M56
1883.8109 -1.0000 -1 M59
781.9302 -1.0000 -1 M58
1138.6233 -1.0000 -1 M190
2331.1291 -1.0000 -1 M193
1290.0899 -1.0000 -1 M192
713.6360 -1.0000 -1 M191
1202.3271 -1.0000 -1 M60
729.2743 -1.0000 -1 M62
1965.2247 -1.0000 -1 M64
2262.3502 -1.0000 -1 M63
275.5702 -1.0000 -1 M65
351.2975 -1.0000 -1 M68
1036.0676 -1.0000 -1 M67
2292.5050 -1.0000 -1 M69
408.9995 -1.0000 -1 M71
643.2427 -1.0000 -1 M73
665.9296 -1.0000 -1 M72
1421.1354 -1.0000 -1 M79
1660.4415 -1.0000 -1 M78
