# messageDelay  cumulativeProbability
2.1000 0.0007
2.1000 0.0014
2.1000 0.0021
2.2000 0.0027
2.3000 0.0034
2.3000 0.0041
2.4000 0.0048
2.7000 0.0055
2.7000 0.0062
2.9000 0.0068
2.9000 0.0075
3.0000 0.0082
3.0000 0.0089
3.0000 0.0096
3.2000 0.0103
3.2000 0.0110
3.4000 0.0116
3.4000 0.0123
3.4000 0.0130
3.5000 0.0137
3.6000 0.0144
3.7000 0.0151
3.7000 0.0157
3.7000 0.0164
3.7000 0.0171
3.8000 0.0178
3.8000 0.0185
3.8000 0.0192
3.9000 0.0198
4.0000 0.0205
7.0000 0.0212
8.2000 0.0219
10.5000 0.0226
14.2000 0.0233
14.6000 0.0240
21.9000 0.0246
24.1000 0.0253
26.4000 0.0260
29.9000 0.0267
33.7000 0.0274
33.9000 0.0281
39.1000 0.0287
41.5000 0.0294
41.5000 0.0301
49.1000 0.0308
51.7000 0.0315
52.3000 0.0322
58.0000 0.0329
58.5000 0.0335
60.1000 0.0342
60.1000 0.0349
60.2000 0.0356
62.0000 0.0363
63.0000 0.0370
65.3000 0.0376
65.4000 0.0383
67.5000 0.0390
70.4000 0.0397
71.5000 0.0404
74.0000 0.0411
75.5000 0.0418
81.3000 0.0424
81.7000 0.0431
82.0000 0.0438
86.5000 0.0445
90.5000 0.0452
91.0000 0.0459
92.4000 0.0465
93.3000 0.0472
102.3000 0.0479
102.7000 0.0486
102.8000 0.0493
104.4000 0.0500
104.9000 0.0507
107.8000 0.0513
109.2000 0.0520
116.6000 0.0527
117.2000 0.0534
117.8000 0.0541
121.2000 0.0548
124.9000 0.0554
128.1000 0.0561
128.2000 0.0568
133.8000 0.0575
134.5000 0.0582
135.6000 0.0589
136.4000 0.0595
137.9000 0.0602
144.4000 0.0609
145.0000 0.0616
147.3000 0.0623
150.7000 0.0630
152.3000 0.0637
154.6000 0.0643
161.3000 0.0650
161.6000 0.0657
163.1000 0.0664
164.3000 0.0671
167.2000 0.0678
167.4000 0.0684
167.4000 0.0691
168.7000 0.0698
172.0000 0.0705
178.1000 0.0712
180.0000 0.0719
186.0000 0.0726
195.3000 0.0732
197.7000 0.0739
201.3000 0.0746
203.2000 0.0753
207.5000 0.0760
207.8000 0.0767
209.7000 0.0773
214.7000 0.0780
216.2000 0.0787
219.4000 0.0794
220.5000 0.0801
221.5000 0.0808
221.8000 0.0815
230.3000 0.0821
233.5000 0.0828
234.4000 0.0835
237.2000 0.0842
239.7000 0.0849
244.6000 0.0856
246.0000 0.0862
247.1000 0.0869
250.6000 0.0876
255.0000 0.0883
256.2000 0.0890
256.5000 0.0897
262.8000 0.0903
269.5000 0.0910
270.2000 0.0917
274.5000 0.0924
275.1000 0.0931
277.3000 0.0938
278.1000 0.0945
278.5000 0.0951
280.1000 0.0958
282.4000 0.0965
286.3000 0.0972
288.2000 0.0979
291.9000 0.0986
292.9000 0.0992
299.9000 0.0999
301.3000 0.1006
303.5000 0.1013
304.3000 0.1020
304.7000 0.1027
305.5000 0.1034
312.2000 0.1040
313.0000 0.1047
315.1000 0.1054
320.5000 0.1061
329.2000 0.1068
329.7000 0.1075
335.4000 0.1081
336.2000 0.1088
339.5000 0.1095
345.0000 0.1102
346.9000 0.1109
348.6000 0.1116
351.0000 0.1123
353.1000 0.1129
363.4000 0.1136
366.3000 0.1143
374.4000 0.1150
374.6000 0.1157
375.6000 0.1164
378.8000 0.1170
379.9000 0.1177
384.1000 0.1184
395.0000 0.1191
398.5000 0.1198
403.8000 0.1205
404.1000 0.1211
405.9000 0.1218
408.7000 0.1225
413.4000 0.1232
418.2000 0.1239
420.5000 0.1246
425.7000 0.1253
428.4000 0.1259
438.8000 0.1266
440.5000 0.1273
440.9000 0.1280
448.5000 0.1287
458.8000 0.1294
461.1000 0.1300
465.0000 0.1307
466.2000 0.1314
471.6000 0.1321
474.6000 0.1328
483.3000 0.1335
487.1000 0.1342
487.5000 0.1348
489.6000 0.1355
494.7000 0.1362
500.6000 0.1369
503.0000 0.1376
506.6000 0.1383
510.5000 0.1389
512.2000 0.1396
516.8000 0.1403
519.1000 0.1410
523.2000 0.1417
527.2000 0.1424
531.8000 0.1431
537.9000 0.1437
540.0000 0.1444
544.3000 0.1451
545.4000 0.1458
547.3000 0.1465
550.3000 0.1472
550.7000 0.1478
557.0000 0.1485
560.9000 0.1492
562.8000 0.1499
570.2000 0.1506
578.8000 0.1513
579.6000 0.1520
580.8000 0.1526
581.4000 0.1533
596.7000 0.1540
601.2000 0.1547
607.9000 0.1554
608.1000 0.1561
612.6000 0.1567
618.6000 0.1574
621.6000 0.1581
625.0000 0.1588
627.5000 0.1595
630.1000 0.1602
631.9000 0.1608
635.5000 0.1615
639.8000 0.1622
640.6000 0.1629
642.0000 0.1636
646.1000 0.1643
646.9000 0.1650
648.9000 0.1656
649.9000 0.1663
652.4000 0.1670
660.6000 0.1677
668.5000 0.1684
673.3000 0.1691
674.9000 0.1697
676.6000 0.1704
695.6000 0.1711
703.5000 0.1718
708.1000 0.1725
712.2000 0.1732
713.4000 0.1739
716.2000 0.1745
717.3000 0.1752
719.1000 0.1759
726.7000 0.1766
730.9000 0.1773
733.9000 0.1780
741.3000 0.1786
742.0000 0.1793
742.7000 0.1800
742.7000 0.1807
742.8000 0.1814
743.0000 0.1821
745.9000 0.1828
747.0000 0.1834
750.3000 0.1841
751.5000 0.1848
752.1000 0.1855
754.3000 0.1862
754.7000 0.1869
755.5000 0.1875
761.8000 0.1882
765.8000 0.1889
769.0000 0.1896
770.2000 0.1903
772.8000 0.1910
776.0000 0.1916
780.4000 0.1923
793.1000 0.1930
796.3000 0.1937
798.8000 0.1944
805.4000 0.1951
806.0000 0.1958
822.3000 0.1964
825.9000 0.1971
826.4000 0.1978
826.9000 0.1985
830.3000 0.1992
833.3000 0.1999
834.8000 0.2005
838.2000 0.2012
840.3000 0.2019
840.4000 0.2026
840.6000 0.2033
849.9000 0.2040
851.5000 0.2047
855.3000 0.2053
860.0000 0.2060
869.0000 0.2067
870.6000 0.2074
872.1000 0.2081
872.4000 0.2088
873.5000 0.2094
886.5000 0.2101
886.9000 0.2108
889.4000 0.2115
890.3000 0.2122
894.5000 0.2129
894.5000 0.2136
897.1000 0.2142
899.7000 0.2149
901.8000 0.2156
907.7000 0.2163
914.9000 0.2170
915.4000 0.2177
917.7000 0.2183
928.1000 0.2190
930.5000 0.2197
933.7000 0.2204
936.7000 0.2211
937.9000 0.2218
940.1000 0.2225
945.7000 0.2231
952.0000 0.2238
963.0000 0.2245
963.4000 0.2252
968.6000 0.2259
970.3000 0.2266
971.1000 0.2272
982.5000 0.2279
984.1000 0.2286
986.8000 0.2293
992.3000 0.2300
999.5000 0.2307
1000.0000 0.2313
1001.8000 0.2320
1013.4000 0.2327
1018.5000 0.2334
1019.1000 0.2341
1024.4000 0.2348
1027.1000 0.2355
1029.1000 0.2361
1043.4000 0.2368
1046.4000 0.2375
1049.2000 0.2382
1050.9000 0.2389
1052.3000 0.2396
1076.4000 0.2402
1078.8000 0.2409
1080.6000 0.2416
1082.5000 0.2423
1101.8000 0.2430
1110.5000 0.2437
1111.5000 0.2444
1116.0000 0.2450
1118.0000 0.2457
1118.6000 0.2464
1122.1000 0.2471
1130.4000 0.2478
1133.1000 0.2485
1133.8000 0.2491
1138.4000 0.2498
1157.2000 0.2505
1163.8000 0.2512
1166.5000 0.2519
1169.1000 0.2526
1173.2000 0.2533
1176.9000 0.2539
1178.5000 0.2546
1180.1000 0.2553
1186.3000 0.2560
1188.1000 0.2567
1188.8000 0.2574
1192.9000 0.2580
1193.1000 0.2587
1201.5000 0.2594
1209.2000 0.2601
1218.1000 0.2608
1218.8000 0.2615
1224.0000 0.2621
1225.8000 0.2628
1239.7000 0.2635
1254.6000 0.2642
1254.6000 0.2649
1254.8000 0.2656
1259.5000 0.2663
1262.7000 0.2669
1266.0000 0.2676
1271.5000 0.2683
1275.6000 0.2690
1280.2000 0.2697
1283.1000 0.2704
1283.7000 0.2710
1292.6000 0.2717
1313.2000 0.2724
1315.4000 0.2731
1315.9000 0.2738
1319.4000 0.2745
1323.7000 0.2752
1335.4000 0.2758
1340.0000 0.2765
1347.6000 0.2772
1351.1000 0.2779
1359.1000 0.2786
1362.7000 0.2793
1363.0000 0.2799
1367.6000 0.2806
1368.8000 0.2813
1371.9000 0.2820
1379.5000 0.2827
1403.0000 0.2834
1404.3000 0.2841
1414.7000 0.2847
1417.0000 0.2854
1426.8000 0.2861
1427.8000 0.2868
1436.8000 0.2875
1447.6000 0.2882
1449.2000 0.2888
1452.5000 0.2895
1453.0000 0.2902
1458.2000 0.2909
1463.9000 0.2916
1469.3000 0.2923
1473.0000 0.2930
1483.3000 0.2936
1523.8000 0.2943
1525.4000 0.2950
1529.0000 0.2957
1531.1000 0.2964
1532.7000 0.2971
1533.3000 0.2977
1535.7000 0.2984
1537.2000 0.2991
1539.4000 0.2998
1548.5000 0.3005
1554.0000 0.3012
1554.9000 0.3018
1562.9000 0.3025
1563.7000 0.3032
1570.1000 0.3039
1578.6000 0.3046
1580.2000 0.3053
1588.5000 0.3060
1588.7000 0.3066
1594.5000 0.3073
1600.4000 0.3080
1610.2000 0.3087
1612.2000 0.3094
1622.7000 0.3101
1630.8000 0.3107
1630.9000 0.3114
1630.9000 0.3121
1634.4000 0.3128
1644.1000 0.3135
1646.0000 0.3142
1648.1000 0.3149
1650.0000 0.3155
1653.0000 0.3162
1653.4000 0.3169
1660.2000 0.3176
1672.9000 0.3183
1683.1000 0.3190
1683.6000 0.3196
1696.5000 0.3203
1696.7000 0.3210
1700.2000 0.3217
1704.3000 0.3224
1707.5000 0.3231
1714.1000 0.3238
1742.6000 0.3244
1743.7000 0.3251
1752.4000 0.3258
1753.7000 0.3265
1756.0000 0.3272
1757.6000 0.3279
1758.8000 0.3285
1761.3000 0.3292
1766.1000 0.3299
1768.1000 0.3306
1771.3000 0.3313
1776.8000 0.3320
1776.9000 0.3326
1792.9000 0.3333
1794.0000 0.3340
1800.5000 0.3347
1802.6000 0.3354
1808.7000 0.3361
1812.2000 0.3368
1818.0000 0.3374
1821.5000 0.3381
1824.2000 0.3388
1827.5000 0.3395
1834.4000 0.3402
1837.3000 0.3409
1839.8000 0.3415
1847.4000 0.3422
1850.9000 0.3429
1860.6000 0.3436
1861.8000 0.3443
1869.3000 0.3450
1872.8000 0.3457
1883.7000 0.3463
1894.9000 0.3470
1896.0000 0.3477
1902.3000 0.3484
1908.1000 0.3491
1910.7000 0.3498
1910.8000 0.3504
1917.2000 0.3511
1922.3000 0.3518
1923.7000 0.3525
1925.5000 0.3532
1932.3000 0.3539
1934.0000 0.3546
1938.5000 0.3552
1939.8000 0.3559
1945.9000 0.3566
1951.3000 0.3573
1952.8000 0.3580
1961.6000 0.3587
1965.8000 0.3593
1971.8000 0.3600
1979.0000 0.3607
1989.2000 0.3614
2009.5000 0.3621
2010.8000 0.3628
2014.0000 0.3634
2018.8000 0.3641
2022.3000 0.3648
2031.9000 0.3655
2037.9000 0.3662
2038.2000 0.3669
2040.3000 0.3676
2040.5000 0.3682
2043.2000 0.3689
2043.6000 0.3696
2046.2000 0.3703
2053.2000 0.3710
2073.3000 0.3717
2078.6000 0.3723
2085.8000 0.3730
2093.4000 0.3737
2093.5000 0.3744
2105.0000 0.3751
2106.0000 0.3758
2106.4000 0.3765
2112.0000 0.3771
2114.8000 0.3778
2115.3000 0.3785
2116.0000 0.3792
2122.2000 0.3799
2123.5000 0.3806
2124.7000 0.3812
2130.3000 0.3819
2133.9000 0.3826
2135.0000 0.3833
2137.5000 0.3840
2141.7000 0.3847
2162.8000 0.3854
2169.2000 0.3860
2191.2000 0.3867
2200.2000 0.3874
2202.7000 0.3881
2204.9000 0.3888
2211.0000 0.3895
2213.3000 0.3901
2215.2000 0.3908
2220.8000 0.3915
2225.7000 0.3922
2229.0000 0.3929
2230.7000 0.3936
2248.5000 0.3943
2248.8000 0.3949
2250.4000 0.3956
2251.8000 0.3963
2253.6000 0.3970
2265.3000 0.3977
2270.1000 0.3984
2272.8000 0.3990
2275.7000 0.3997
2278.7000 0.4004
2279.4000 0.4011
2288.9000 0.4018
2290.3000 0.4025
2293.8000 0.4031
2295.6000 0.4038
2300.9000 0.4045
2305.3000 0.4052
2309.9000 0.4059
2314.8000 0.4066
2318.1000 0.4073
2318.7000 0.4079
2323.1000 0.4086
2324.6000 0.4093
2325.8000 0.4100
2328.8000 0.4107
2329.3000 0.4114
2330.6000 0.4120
2342.1000 0.4127
2346.5000 0.4134
2350.7000 0.4141
2357.3000 0.4148
2357.6000 0.4155
2392.1000 0.4162
2393.9000 0.4168
2413.3000 0.4175
2421.5000 0.4182
2434.2000 0.4189
2446.2000 0.4196
2449.6000 0.4203
2454.9000 0.4209
2461.4000 0.4216
2465.1000 0.4223
2470.9000 0.4230
2490.2000 0.4237
2496.8000 0.4244
2502.0000 0.4251
2505.1000 0.4257
2519.5000 0.4264
2525.2000 0.4271
2531.4000 0.4278
2549.6000 0.4285
2559.2000 0.4292
2563.1000 0.4298
2564.8000 0.4305
2570.6000 0.4312
2576.6000 0.4319
2580.3000 0.4326
2592.9000 0.4333
2596.2000 0.4339
2607.1000 0.4346
2608.2000 0.4353
2612.5000 0.4360
2616.8000 0.4367
2622.8000 0.4374
2624.3000 0.4381
2627.4000 0.4387
2638.1000 0.4394
2649.1000 0.4401
2654.4000 0.4408
2663.4000 0.4415
2665.0000 0.4422
2666.5000 0.4428
2677.3000 0.4435
2685.2000 0.4442
2686.5000 0.4449
2688.5000 0.4456
2692.5000 0.4463
2705.4000 0.4470
2713.2000 0.4476
2713.4000 0.4483
2725.1000 0.4490
2731.9000 0.4497
2739.1000 0.4504
2743.5000 0.4511
2755.3000 0.4517
2755.4000 0.4524
2756.9000 0.4531
2763.7000 0.4538
2768.8000 0.4545
2769.1000 0.4552
2781.8000 0.4559
2783.3000 0.4565
2804.0000 0.4572
2806.8000 0.4579
2817.8000 0.4586
2820.6000 0.4593
2834.4000 0.4600
2843.2000 0.4606
2848.3000 0.4613
2866.6000 0.4620
2885.9000 0.4627
2894.8000 0.4634
2915.0000 0.4641
2920.5000 0.4648
2929.8000 0.4654
2930.0000 0.4661
2936.0000 0.4668
2957.8000 0.4675
2975.0000 0.4682
2977.9000 0.4689
2987.6000 0.4695
2993.3000 0.4702
3000.5000 0.4709
3002.5000 0.4716
3002.7000 0.4723
3004.6000 0.4730
3005.4000 0.4736
3006.8000 0.4743
3018.2000 0.4750
3028.8000 0.4757
3046.8000 0.4764
3058.3000 0.4771
3059.9000 0.4778
3061.6000 0.4784
3080.0000 0.4791
3088.1000 0.4798
3100.7000 0.4805
3102.1000 0.4812
3112.7000 0.4819
3116.2000 0.4825
3118.5000 0.4832
3130.8000 0.4839
3142.2000 0.4846
3146.9000 0.4853
3150.4000 0.4860
3164.4000 0.4867
3167.8000 0.4873
3168.9000 0.4880
3221.5000 0.4887
3231.9000 0.4894
3245.2000 0.4901
3259.5000 0.4908
3290.9000 0.4914
3300.0000 0.4921
3323.1000 0.4928
3333.8000 0.4935
3336.0000 0.4942
3349.6000 0.4949
3365.6000 0.4956
3388.0000 0.4962
3408.0000 0.4969
3427.2000 0.4976
3436.4000 0.4983
3443.9000 0.4990
3466.5000 0.4997
3478.8000 0.5003
3500.2000 0.5010
3524.5000 0.5017
3532.5000 0.5024
3556.4000 0.5031
3567.9000 0.5038
3576.1000 0.5044
3584.5000 0.5051
3593.7000 0.5058
3595.8000 0.5065
3597.6000 0.5072
3598.7000 0.5079
3601.4000 0.5086
3601.6000 0.5092
3603.4000 0.5099
3613.1000 0.5106
3613.4000 0.5113
3645.8000 0.5120
3653.1000 0.5127
3668.9000 0.5133
3676.8000 0.5140
3677.7000 0.5147
3684.1000 0.5154
3693.1000 0.5161
3701.3000 0.5168
3706.4000 0.5175
3711.8000 0.5181
3714.9000 0.5188
3719.4000 0.5195
3722.3000 0.5202
3734.0000 0.5209
3745.0000 0.5216
3746.0000 0.5222
3750.6000 0.5229
3755.6000 0.5236
3766.4000 0.5243
3767.4000 0.5250
3771.3000 0.5257
3773.5000 0.5264
3775.1000 0.5270
3797.6000 0.5277
3814.6000 0.5284
3816.7000 0.5291
3828.4000 0.5298
3833.8000 0.5305
3853.5000 0.5311
3854.2000 0.5318
3876.0000 0.5325
3884.7000 0.5332
3885.9000 0.5339
3891.5000 0.5346
3916.2000 0.5352
3922.9000 0.5359
3928.1000 0.5366
3928.6000 0.5373
3943.5000 0.5380
3947.5000 0.5387
3949.2000 0.5394
3951.1000 0.5400
3954.9000 0.5407
3955.8000 0.5414
3985.9000 0.5421
4008.6000 0.5428
4015.1000 0.5435
4033.5000 0.5441
4041.5000 0.5448
4044.3000 0.5455
4047.1000 0.5462
4060.3000 0.5469
4066.8000 0.5476
4071.0000 0.5483
4071.7000 0.5489
4079.2000 0.5496
4080.4000 0.5503
4086.7000 0.5510
4096.5000 0.5517
4105.5000 0.5524
4106.1000 0.5530
4106.6000 0.5537
4111.1000 0.5544
4128.7000 0.5551
4139.9000 0.5558
4144.5000 0.5565
4149.6000 0.5572
4156.5000 0.5578
4171.7000 0.5585
4175.4000 0.5592
4183.9000 0.5599
4197.5000 0.5606
4202.6000 0.5613
4211.6000 0.5619
4211.6000 0.5626
4213.2000 0.5633
4213.6000 0.5640
4240.0000 0.5647
4252.2000 0.5654
4265.4000 0.5661
4267.8000 0.5667
4271.1000 0.5674
4275.5000 0.5681
4289.5000 0.5688
4300.6000 0.5695
4307.3000 0.5702
4333.4000 0.5708
4363.1000 0.5715
4371.6000 0.5722
4377.6000 0.5729
4390.9000 0.5736
4406.0000 0.5743
4421.3000 0.5749
4445.3000 0.5756
4447.8000 0.5763
4456.1000 0.5770
4476.4000 0.5777
4478.6000 0.5784
4496.6000 0.5791
4505.4000 0.5797
4506.3000 0.5804
4536.6000 0.5811
4543.7000 0.5818
4544.9000 0.5825
4549.1000 0.5832
4558.3000 0.5838
4563.0000 0.5845
4564.2000 0.5852
4583.5000 0.5859
4597.3000 0.5866
4604.0000 0.5873
4608.6000 0.5880
4629.1000 0.5886
4629.5000 0.5893
4630.3000 0.5900
4631.6000 0.5907
4636.0000 0.5914
4647.7000 0.5921
4684.6000 0.5927
4687.5000 0.5934
4693.9000 0.5941
4720.4000 0.5948
4734.6000 0.5955
4766.9000 0.5962
4786.6000 0.5969
4796.3000 0.5975
4817.4000 0.5982
4844.1000 0.5989
4854.0000 0.5996
4854.4000 0.6003
4869.7000 0.6010
4882.1000 0.6016
4888.9000 0.6023
4890.2000 0.6030
4913.0000 0.6037
4916.0000 0.6044
4920.4000 0.6051
4928.7000 0.6057
4929.4000 0.6064
4940.1000 0.6071
5018.7000 0.6078
5021.3000 0.6085
5077.3000 0.6092
5106.1000 0.6099
5107.7000 0.6105
5143.7000 0.6112
5146.4000 0.6119
5161.0000 0.6126
5161.6000 0.6133
5162.1000 0.6140
5174.3000 0.6146
5227.8000 0.6153
5232.0000 0.6160
5236.7000 0.6167
5271.7000 0.6174
5273.0000 0.6181
5280.1000 0.6188
5296.4000 0.6194
5309.4000 0.6201
5313.6000 0.6208
5337.9000 0.6215
5338.8000 0.6222
5350.7000 0.6229
5358.7000 0.6235
5360.2000 0.6242
5372.3000 0.6249
5379.6000 0.6256
5401.2000 0.6263
5406.9000 0.6270
5446.3000 0.6277
5489.7000 0.6283
5492.3000 0.6290
5494.7000 0.6297
5495.0000 0.6304
5504.1000 0.6311
5509.4000 0.6318
5520.8000 0.6324
5535.8000 0.6331
5564.7000 0.6338
5573.6000 0.6345
5593.0000 0.6352
5593.3000 0.6359
5593.8000 0.6366
5631.7000 0.6372
5635.4000 0.6379
5659.2000 0.6386
5672.2000 0.6393
5687.5000 0.6400
5690.7000 0.6407
5702.6000 0.6413
5780.1000 0.6420
5783.4000 0.6427
5788.7000 0.6434
5794.2000 0.6441
5801.6000 0.6448
5810.4000 0.6454
5830.0000 0.6461
5839.4000 0.6468
5863.3000 0.6475
5875.5000 0.6482
5892.6000 0.6489
5901.3000 0.6496
5911.5000 0.6502
5924.3000 0.6509
5925.4000 0.6516
5955.7000 0.6523
6031.2000 0.6530
6056.8000 0.6537
6067.0000 0.6543
6072.4000 0.6550
6094.7000 0.6557
6194.4000 0.6564
6197.7000 0.6571
6237.2000 0.6578
6255.0000 0.6585
6272.6000 0.6591
6272.8000 0.6598
6277.8000 0.6605
6281.9000 0.6612
6330.0000 0.6619
6347.3000 0.6626
6356.9000 0.6632
6364.6000 0.6639
6365.5000 0.6646
6366.0000 0.6653
6381.1000 0.6660
6386.5000 0.6667
6448.3000 0.6674
6492.5000 0.6680
6570.6000 0.6687
6605.8000 0.6694
6606.8000 0.6701
6657.9000 0.6708
6674.6000 0.6715
6678.0000 0.6721
6687.9000 0.6728
6739.7000 0.6735
6751.9000 0.6742
6781.4000 0.6749
6785.6000 0.6756
6792.3000 0.6762
6794.7000 0.6769
6815.5000 0.6776
6825.9000 0.6783
6825.9000 0.6790
6843.7000 0.6797
6868.9000 0.6804
6906.7000 0.6810
6922.2000 0.6817
6971.6000 0.6824
6978.4000 0.6831
6984.8000 0.6838
6987.6000 0.6845
7007.4000 0.6851
7021.9000 0.6858
7043.0000 0.6865
7064.5000 0.6872
7119.2000 0.6879
7126.7000 0.6886
7148.3000 0.6893
7160.5000 0.6899
7170.3000 0.6906
7210.3000 0.6913
7230.1000 0.6920
7265.3000 0.6927
7290.5000 0.6934
7302.4000 0.6940
7347.5000 0.6947
7514.0000 0.6954
7554.8000 0.6961
7590.0000 0.6968
7592.0000 0.6975
7614.9000 0.6982
7647.5000 0.6988
7723.2000 0.6995
7745.6000 0.7002
7758.8000 0.7009
7772.2000 0.7016
7855.2000 0.7023
7866.5000 0.7029
7899.8000 0.7036
7900.1000 0.7043
7908.1000 0.7050
7925.1000 0.7057
7963.7000 0.7064
7978.3000 0.7070
8000.0000 0.7077
8011.9000 0.7084
8066.6000 0.7091
8097.1000 0.7098
8102.2000 0.7105
8148.4000 0.7112
8151.0000 0.7118
8195.8000 0.7125
8235.0000 0.7132
8270.6000 0.7139
8271.2000 0.7146
8273.8000 0.7153
8284.3000 0.7159
8323.6000 0.7166
8324.9000 0.7173
8350.8000 0.7180
8371.7000 0.7187
8396.8000 0.7194
8398.9000 0.7201
8473.9000 0.7207
8681.1000 0.7214
8695.3000 0.7221
8717.2000 0.7228
8758.9000 0.7235
8786.9000 0.7242
8840.5000 0.7248
8867.2000 0.7255
8879.0000 0.7262
8921.5000 0.7269
9007.6000 0.7276
9162.1000 0.7283
9253.3000 0.7290
9282.3000 0.7296
9321.2000 0.7303
9333.2000 0.7310
9382.0000 0.7317
9455.5000 0.7324
9467.0000 0.7331
9507.0000 0.7337
9513.0000 0.7344
9559.4000 0.7351
9593.1000 0.7358
9633.0000 0.7365
9904.2000 0.7372
9960.1000 0.7379
10008.6000 0.7385
10078.3000 0.7392
10104.3000 0.7399
10223.4000 0.7406
10244.4000 0.7413
10272.8000 0.7420
10274.5000 0.7426
10480.1000 0.7433
10503.3000 0.7440
10556.1000 0.7447
10560.2000 0.7454
10563.4000 0.7461
10616.6000 0.7467
10754.4000 0.7474
10814.2000 0.7481
10846.8000 0.7488
10853.9000 0.7495
10893.5000 0.7502
10955.5000 0.7509
10990.4000 0.7515
11018.5000 0.7522
11040.7000 0.7529
11043.1000 0.7536
11204.2000 0.7543
11284.0000 0.7550
11422.9000 0.7556
11501.2000 0.7563
11519.1000 0.7570
11566.6000 0.7577
11686.3000 0.7584
11754.0000 0.7591
11760.9000 0.7598
11773.5000 0.7604
11779.3000 0.7611
11883.6000 0.7618
11899.9000 0.7625
12015.3000 0.7632
12155.8000 0.7639
12258.7000 0.7645
12328.8000 0.7652
12339.8000 0.7659
12417.3000 0.7666
12425.1000 0.7673
12458.6000 0.7680
12550.0000 0.7687
12619.3000 0.7693
12815.8000 0.7700
12853.9000 0.7707
13052.4000 0.7714
13104.2000 0.7721
13190.2000 0.7728
13351.6000 0.7734
13386.1000 0.7741
13765.2000 0.7748
14139.7000 0.7755
14434.1000 0.7762
14468.5000 0.7769
14497.1000 0.7775
14532.8000 0.7782
14544.2000 0.7789
14558.8000 0.7796
14762.6000 0.7803
14847.8000 0.7810
14882.7000 0.7817
14957.0000 0.7823
15159.2000 0.7830
15466.0000 0.7837
15919.7000 0.7844
16000.0000 0.7851
16031.7000 0.7858
16148.9000 0.7864
16532.3000 0.7871
16675.4000 0.7878
16743.3000 0.7885
16894.6000 0.7892
16936.4000 0.7899
17157.1000 0.7906
17225.7000 0.7912
17636.3000 0.7919
17706.8000 0.7926
17908.6000 0.7933
