# Scenario DirectDeliveryRouterSetting
# distance at msg send, delivery time, hop count, MSG_ID
369.7422 33.9000 1 M16
225.1801 14.6000 1 M18
1006.5392 161.3000 1 M14
661.8465 91.0000 1 M30
1760.3097 239.7000 1 M28
2212.2410 458.8000 1 M25
943.2500 901.8000 1 M10
1442.0044 726.7000 1 M17
546.3170 639.8000 1 M22
741.6332 1122.1000 1 M7
293.2567 90.5000 1 M42
1112.9885 531.8000 1 M29
970.5604 907.7000 1 M24
1429.1833 408.7000 1 M41
1848.3799 544.3000 1 M39
2634.0937 487.1000 1 M47
1031.5461 894.5000 1 M34
1725.1753 420.5000 1 M52
1455.1611 1292.6000 1 M27
1292.0721 1952.8000 1 M5
1093.8142 855.3000 1 M43
1067.9390 886.5000 1 M44
277.5884 516.8000 1 M57
20.3202 2.4000 1 M77
1028.8697 1447.6000 1 M32
552.5419 1371.9000 1 M35
1868.6428 963.4000 1 M50
1910.3472 2248.5000 1 M8
1467.1678 1925.5000 1 M21
1460.1880 2191.2000 1 M12
1443.9194 1138.4000 1 M48
1261.9907 540.0000 1 M75
884.4625 379.9000 1 M83
570.2549 60.1000 1 M94
283.7200 292.9000 1 M88
1763.2144 745.9000 1 M74
799.6340 2638.1000 1 M20
1309.4481 2357.6000 1 M31
1367.0473 384.1000 1 M97
1733.0957 346.9000 1 M99
522.7100 523.2000 1 M95
427.5020 2325.8000 1 M38
351.2975 1473.0000 1 M68
227.1698 1824.2000 1 M56
2262.3502 1700.2000 1 M63
273.6833 1340.0000 1 M76
1867.5949 1537.2000 1 M70
1453.1357 2454.9000 1 M40
1535.5111 1157.2000 1 M84
960.0209 335.4000 1 M119
2169.7040 1266.0000 1 M91
714.1280 733.9000 1 M110
2292.5050 1979.0000 1 M69
275.5702 2278.7000 1 M65
1568.5317 2993.3000 1 M45
1448.6099 3668.9000 1 M26
1491.5037 1469.3000 1 M100
1274.7711 167.4000 1 M147
1036.0676 2570.6000 1 M67
1165.0093 197.7000 1 M148
671.9948 3088.1000 1 M55
2114.9335 3164.4000 1 M54
1186.6612 519.1000 1 M144
1497.5083 4213.2000 1 M23
959.9992 438.8000 1 M151
1095.7491 1554.9000 1 M114
1742.6464 4920.4000 1 M2
1693.7282 461.1000 1 M154
2750.5111 1362.7000 1 M123
501.8715 93.3000 1 M169
643.2427 3000.5000 1 M73
441.6399 67.5000 1 M176
1141.5894 1548.5000 1 M126
1681.1996 1622.7000 1 M125
1797.6864 2421.5000 1 M98
621.0681 1347.6000 1 M137
1222.2389 2106.4000 1 M111
916.0405 512.2000 1 M166
1226.3754 313.0000 1 M173
643.4446 378.8000 1 M172
1965.2247 3584.5000 1 M64
597.3601 1869.3000 1 M127
1316.2717 968.6000 1 M163
916.6893 550.7000 1 M177
2198.6197 4008.6000 1 M61
2799.2773 2220.8000 1 M122
1328.8698 1761.3000 1 M138
799.0033 5672.2000 1 M11
171.9648 3.2000 1 M203
807.6773 448.5000 1 M189
885.6691 216.2000 1 M198
664.4556 1027.1000 1 M171
713.6360 465.0000 1 M191
310.4034 4629.5000 1 M51
2083.6116 971.1000 1 M175
278.8023 2559.2000 1 M121
2065.3136 1683.6000 1 M152
1794.2389 2275.7000 1 M135
1319.9580 154.6000 1 M211
2124.1615 2624.3000 1 M128
80.5171 3.8000 1 M221
927.4196 494.7000 1 M206
1046.2328 834.8000 1 M196
1639.9872 2037.9000 1 M158
1130.1855 3954.9000 1 M96
554.2612 1961.6000 1 M167
99.9148 3.7000 1 M233
1629.8369 3773.5000 1 M106
1291.5221 5489.7000 1 M49
572.1381 81.3000 1 M232
412.5203 506.6000 1 M218
1027.4986 1588.7000 1 M184
782.2994 6072.4000 1 M33
1243.9016 2756.9000 1 M146
148.5676 2.1000 1 M240
927.6783 2279.4000 1 M164
74.1600 3.5000 1 M243
1181.8916 2330.6000 1 M165
1631.4353 489.6000 1 M227
1206.8189 246.0000 1 M236
1768.9683 2564.8000 1 M160
881.7224 3130.8000 1 M141
1566.9410 363.4000 1 M237
149.5475 3.7000 1 M253
1969.5394 826.9000 1 M226
2277.6215 1588.5000 1 M204
778.7952 4363.1000 1 M113
1660.4415 5494.7000 1 M78
1807.5652 2253.6000 1 M188
502.2947 2505.1000 1 M181
1076.0396 940.1000 1 M235
516.0683 233.5000 1 M261
1478.9725 1812.2000 1 M208
1290.0899 2300.9000 1 M192
3786.5727 3943.5000 1 M142
768.2235 1082.5000 1 M239
1590.5199 312.2000 1 M266
859.8495 4300.6000 1 M131
1081.9550 4817.4000 1 M115
2117.8556 4734.6000 1 M118
543.5264 3323.1000 1 M168
338.8243 3259.5000 1 M178
1303.0122 4869.7000 1 M124
1884.9964 1535.7000 1 M238
627.5668 58.0000 1 M289
744.2698 2781.8000 1 M197
949.9404 1192.9000 1 M251
1093.0579 7554.8000 1 M37
192.9147 3.8000 1 M294
411.9342 3916.2000 1 M161
1281.5617 8273.8000 1 M15
1004.0476 1562.9000 1 M242
1525.7447 274.5000 1 M288
1748.3690 730.9000 1 M272
1499.5820 870.6000 1 M268
1022.4000 1743.7000 1 M241
2364.2365 413.4000 1 M287
1229.5266 2141.7000 1 M228
1129.4441 4333.4000 1 M156
2153.6209 1634.4000 1 M247
264.4538 1612.2000 1 M249
792.8319 2122.2000 1 M234
1284.6152 5227.8000 1 M129
2285.6341 2692.5000 1 M216
363.7759 4015.1000 1 M174
2537.7246 5955.7000 1 M108
715.5517 3500.2000 1 M194
1455.2933 3814.6000 1 M185
1681.9426 3876.0000 1 M183
845.4287 1052.3000 1 M279
2456.5586 366.3000 1 M304
918.9644 6825.9000 1 M85
671.9814 74.0000 1 M315
1625.7267 6194.4000 1 M107
1883.9101 6067.0000 1 M112
1151.8051 1209.2000 1 M278
1901.3541 2612.5000 1 M231
267.3916 9467.0000 1 M1
854.4356 933.7000 1 M292
1871.5302 9513.0000 1 M3
1686.5695 2137.5000 1 M252
2904.0829 2987.6000 1 M224
1625.1402 3955.8000 1 M195
1740.2767 765.8000 1 M306
1007.9217 838.2000 1 M305
1134.7936 2608.2000 1 M244
1501.8981 3734.0000 1 M207
1038.8796 2265.3000 1 M258
552.5471 1821.5000 1 M275
1820.4389 3750.6000 1 M210
817.6544 3532.5000 1 M220
966.6811 570.2000 1 M323
624.3510 4211.6000 1 M199
1825.7029 2115.3000 1 M273
1138.6233 4564.2000 1 M190
714.3587 1262.7000 1 M303
1776.7005 6739.7000 1 M117
915.6583 578.8000 1 M328
1121.4575 2975.0000 1 M245
665.9296 8151.0000 1 M72
1317.8313 2314.8000 1 M270
909.4136 2894.8000 1 M250
1972.5454 1971.8000 1 M285
1513.6116 3922.9000 1 M219
544.5924 7302.4000 1 M105
1618.1241 640.6000 1 M333
727.8561 2755.4000 1 M262
1114.9698 164.3000 1 M353
2139.4719 5406.9000 1 M182
1742.1639 3567.9000 1 M246
1622.5461 8284.3000 1 M87
1266.9797 5564.7000 1 M179
136.0720 4.0000 1 M370
1473.1823 833.3000 1 M343
150.6533 2.3000 1 M373
1678.3221 1193.1000 1 M336
2944.5315 1758.8000 1 M317
948.7900 1945.9000 1 M313
509.2846 860.0000 1 M351
1794.4407 2820.6000 1 M283
1460.4736 1050.9000 1 M346
1021.2234 5924.3000 1 M180
929.5914 2393.9000 1 M302
2252.5694 2755.3000 1 M290
895.4219 128.2000 1 M382
893.3623 353.1000 1 M375
1060.3525 5509.4000 1 M200
729.2743 9633.0000 1 M62
1867.9985 5573.6000 1 M202
1866.8076 963.0000 1 M362
323.4176 234.4000 1 M389
934.7811 1938.5000 1 M331
706.1770 5631.7000 1 M205
1859.0435 7758.8000 1 M133
574.3935 2288.9000 1 M321
910.7886 1923.7000 1 M334
1850.3207 5018.7000 1 M230
3365.7623 11773.5000 1 M4
1025.3710 102.3000 1 M401
1273.7630 1449.2000 1 M357
775.7966 5313.6000 1 M225
918.1867 4202.6000 1 M263
1156.1301 11760.9000 1 M9
1920.5002 7119.2000 1 M170
1187.8781 9382.0000 1 M93
781.4875 2022.3000 1 M347
1934.9241 741.3000 1 M391
1269.4797 8681.1000 1 M120
362.0373 135.6000 1 M413
1993.6012 2663.4000 1 M327
1987.1700 770.2000 1 M393
1916.7752 5810.4000 1 M222
135.2559 3.0000 1 M421
2774.1015 6056.8000 1 M214
1651.3745 3221.5000 1 M312
1023.5852 10078.3000 1 M80
2274.4396 1368.8000 1 M378
1257.6417 2977.9000 1 M326
1876.8854 2666.5000 1 M338
1108.4628 2725.1000 1 M340
690.8043 1130.4000 1 M400
829.2337 1029.1000 1 M404
2311.9654 3231.9000 1 M329
3360.1481 3771.3000 1 M311
897.5777 1283.7000 1 M397
991.5247 649.9000 1 M420
328.2258 11043.1000 1 M66
408.9995 10955.5000 1 M71
1165.3358 752.1000 1 M424
1453.4045 5690.7000 1 M256
1688.4975 3766.4000 1 M324
1333.2641 4171.7000 1 M310
1368.8523 6971.6000 1 M215
1376.0128 3676.8000 1 M330
2187.1042 2688.5000 1 M364
477.0465 560.9000 1 M437
1644.4434 2769.1000 1 M365
801.1336 1118.0000 1 M422
130.4723 3.2000 1 M461
1365.9090 8758.9000 1 M162
2247.8341 2622.8000 1 M372
582.8192 4844.1000 1 M296
960.5061 2040.5000 1 M395
1981.7958 635.5000 1 M444
998.4957 2449.6000 1 M387
905.0842 1049.2000 1 M435
2274.1873 1173.2000 1 M433
1164.2234 1610.2000 1 M419
1801.5105 3722.3000 1 M348
1746.0707 4928.7000 1 M307
1890.8620 4456.1000 1 M325
509.1534 886.9000 1 M447
1708.9880 510.5000 1 M463
1877.2124 1834.4000 1 M418
2397.7709 7963.7000 1 M209
1447.7179 1570.1000 1 M428
1065.2518 851.5000 1 M453
1184.4757 418.2000 1 M470
1420.8796 3593.7000 1 M366
780.0302 5273.0000 1 M309
1489.4583 1896.0000 1 M425
1851.7657 6237.2000 1 M276
886.9257 2324.6000 1 M412
3180.8524 3891.5000 1 M359
380.8898 5783.4000 1 M295
802.4646 10272.8000 1 M143
295.8913 4106.6000 1 M355
162.4546 2.9000 1 M494
1399.3192 5911.5000 1 M293
1785.6180 6605.8000 1 M269
286.4598 889.4000 1 M466
1963.5555 6906.7000 1 M259
784.1838 305.5000 1 M486
1851.9476 6356.9000 1 M281
1421.1354 12328.8000 1 M79
1879.3419 3443.9000 1 M384
356.0710 282.4000 1 M491
1128.9117 1363.0000 1 M456
810.8947 2124.7000 1 M430
2612.5930 3947.5000 1 M368
1971.9974 2040.3000 1 M436
1902.3634 14497.1000 1 M13
975.8892 1704.3000 1 M448
375.7944 186.0000 1 M500
1913.3546 14762.6000 1 M6
1113.1497 547.3000 1 M489
1481.3204 180.0000 1 M501
1193.3468 7592.0000 1 M248
1667.1291 7064.5000 1 M267
1386.8016 3290.9000 1 M399
562.8292 39.1000 1 M509
1903.3742 1315.9000 1 M467
629.5415 3884.7000 1 M381
2175.5187 5659.2000 1 M320
2333.1450 557.0000 1 M495
1409.8727 805.4000 1 M488
1221.8528 351.0000 1 M504
2369.9974 4505.4000 1 M367
1186.4758 1166.5000 1 M481
1505.1439 4105.5000 1 M383
2249.8579 2078.6000 1 M452
1750.3562 1254.6000 1 M480
1217.0782 2461.4000 1 M440
597.8292 51.7000 1 M521
227.8620 4854.4000 1 M361
490.0113 13190.2000 1 M81
616.0605 2627.4000 1 M443
1208.5003 1672.9000 1 M476
1606.2748 6365.5000 1 M316
1968.8649 5504.1000 1 M350
1093.6575 7514.0000 1 M280
1825.8072 8235.0000 1 M255
278.8663 742.8000 1 M512
3572.0267 11779.3000 1 M136
2668.8817 3745.0000 1 M411
2280.2412 8148.4000 1 M260
243.2277 2250.4000 1 M465
758.9419 4445.3000 1 M390
1395.3637 11519.1000 1 M155
998.0826 1001.8000 1 M514
767.7962 674.9000 1 M525
516.9453 8066.6000 1 M274
1799.3446 6347.3000 1 M335
2956.8047 3142.2000 1 M445
660.6244 1837.3000 1 M490
1503.9142 1019.1000 1 M518
2443.5286 897.1000 1 M523
313.6498 3005.4000 1 M455
990.2856 1752.4000 1 M497
2245.2207 6330.0000 1 M342
461.7650 2920.5000 1 M459
1049.0076 2496.8000 1 M474
1102.8546 5401.2000 1 M377
941.3587 952.0000 1 M527
1166.7566 270.2000 1 M550
783.5929 630.1000 1 M539
1822.8818 3797.6000 1 M434
1739.1586 4033.5000 1 M426
1471.8109 5635.4000 1 M374
764.9605 717.3000 1 M540
303.4324 152.3000 1 M559
3243.3102 1683.1000 1 M511
1806.3510 4888.9000 1 M403
2463.7391 937.9000 1 M536
2346.5225 5143.7000 1 M396
1988.4632 14139.7000 1 M89
321.2786 2783.3000 1 M478
2402.3585 4631.6000 1 M416
753.6249 12258.7000 1 M157
1012.3704 4687.5000 1 M417
1485.8389 5372.3000 1 M394
1857.9566 256.5000 1 M566
1595.5933 2848.3000 1 M483
2487.3020 4183.9000 1 M438
1039.2025 2225.7000 1 M506
1177.2229 92.4000 1 M579
1182.3952 398.5000 1 M569
586.9366 269.5000 1 M574
1637.9831 7230.1000 1 M344
1437.1474 7007.4000 1 M352
2251.1002 3118.5000 1 M485
1538.6526 1239.7000 1 M547
830.1635 1707.5000 1 M533
1058.0812 1883.7000 1 M530
349.9163 1080.6000 1 M557
2208.4559 348.6000 1 M583
1295.3079 4240.0000 1 M454
1960.5839 14957.0000 1 M90
1608.7624 1024.4000 1 M564
1073.0034 117.8000 1 M596
1327.7687 315.1000 1 M589
1620.9044 3167.8000 1 M496
1531.4088 4252.2000 1 M464
1204.9347 1523.8000 1 M555
818.9361 4882.1000 1 M446
864.2295 11754.0000 1 M213
1846.3403 2309.9000 1 M535
1343.0959 627.5000 1 M592
760.0440 4211.6000 1 M475
2057.8140 9333.2000 1 M300
511.1808 743.0000 1 M591
1060.2313 1163.8000 1 M578
2028.7141 3746.0000 1 M493
1791.7997 826.4000 1 M590
1650.1977 4044.3000 1 M484
1573.4798 8324.9000 1 M339
906.0201 163.1000 1 M614
406.0522 6781.4000 1 M392
480.1149 527.2000 1 M602
781.7154 601.2000 1 M600
1415.0180 2305.3000 1 M544
1518.8044 3556.4000 1 M503
2220.1078 2043.2000 1 M554
334.6101 375.6000 1 M613
2006.8616 2616.8000 1 M538
1489.0803 11883.6000 1 M223
1732.9978 5794.2000 1 M432
1164.8586 1000.0000 1 M594
1834.9135 4720.4000 1 M471
1491.7115 10008.6000 1 M291
1270.5000 2018.8000 1 M562
610.1116 6815.5000 1 M402
2598.2413 712.2000 1 M608
2227.4117 5162.1000 1 M460
837.0981 7772.2000 1 M371
1133.6122 1714.1000 1 M577
2921.2816 14544.2000 1 M145
1201.7944 14468.5000 1 M149
754.6396 708.1000 1 M617
826.0084 2038.2000 1 M573
1024.9101 474.6000 1 M626
687.0524 147.3000 1 M638
1162.7112 440.9000 1 M632
1363.2146 716.2000 1 M624
1607.3232 7900.1000 1 M386
759.3354 144.4000 1 M646
1755.4086 3006.8000 1 M551
438.9296 928.1000 1 M621
805.6749 4390.9000 1 M507
1224.5974 618.6000 1 M633
390.3329 4175.4000 1 M515
867.0937 899.7000 1 M625
646.2784 3061.6000 1 M553
1029.6161 840.4000 1 M628
1737.4951 5379.6000 1 M477
1393.0836 1776.9000 1 M597
1399.6576 10754.4000 1 M297
180.2124 2.2000 1 M661
2059.4899 503.0000 1 M644
1037.8294 930.5000 1 M634
1799.2960 3755.6000 1 M541
1066.1449 1902.3000 1 M603
777.9479 1319.4000 1 M623
1108.0083 7723.2000 1 M409
1873.5900 3595.8000 1 M548
2538.4751 1531.1000 1 M619
1139.6490 6386.5000 1 M458
1203.6017 1554.0000 1 M620
1386.3255 8867.2000 1 M380
1489.6904 278.5000 1 M668
641.1081 5161.0000 1 M505
1283.3278 6197.7000 1 M472
1814.9648 673.3000 1 M657
1110.8134 5446.3000 1 M498
985.6803 65.3000 1 M678
1571.4193 2434.2000 1 M599
1059.1737 16031.7000 1 M140
2422.2202 4377.6000 1 M537
1036.3630 4796.3000 1 M524
561.0088 41.5000 1 M684
1934.8750 3653.1000 1 M563
1647.7581 3002.7000 1 M585
850.4452 1403.0000 1 M639
1424.9625 9904.2000 1 M356
801.6249 1271.5000 1 M647
2154.0936 2329.3000 1 M612
2459.4466 5232.0000 1 M516
1032.4267 5350.7000 1 M513
1502.8465 168.7000 1 M687
280.9722 894.5000 1 M663
839.6972 1046.4000 1 M660
86.3280 3.7000 1 M699
500.8710 2817.8000 1 M606
403.5941 214.7000 1 M693
1887.2993 2885.9000 1 M604
756.0234 873.5000 1 M672
357.9895 4080.4000 1 M565
759.0969 4307.3000 1 M560
95.2912 3.7000 1 M705
1407.6079 8840.5000 1 M410
189.7409 3.6000 1 M708
1596.6569 5296.4000 1 M531
1754.4825 3613.4000 1 M587
859.4787 178.1000 1 M704
895.3667 1850.9000 1 M651
698.7818 2549.6000 1 M631
583.7535 1275.6000 1 M677
1604.7091 2713.2000 1 M630
1474.8134 7614.9000 1 M468
1180.0652 1218.1000 1 M683
2285.9855 4096.5000 1 M586
1434.4949 3853.5000 1 M595
833.6315 1404.3000 1 M679
1562.3343 280.1000 1 M719
2003.1718 2272.8000 1 M654
1486.2985 2465.1000 1 M648
1941.0427 1753.7000 1 M674
1162.1615 1427.8000 1 M686
558.8061 1932.3000 1 M671
630.7132 10104.3000 1 M398
2294.1458 750.3000 1 M712
1237.0633 304.7000 1 M728
1655.1048 3677.7000 1 M615
1149.9577 1133.8000 1 M701
485.0610 780.4000 1 M713
684.0905 3018.2000 1 M640
1239.4016 5892.6000 1 M545
2399.8689 2200.2000 1 M669
3517.7114 8270.6000 1 M469
489.7862 3100.7000 1 M641
642.8947 49.1000 1 M746
328.1328 345.0000 1 M739
1872.6343 1178.5000 1 M711
817.7795 2739.1000 1 M659
1162.8096 1600.4000 1 M698
730.7995 75.5000 1 M750
2462.8654 1696.5000 1 M696
2190.6694 4549.1000 1 M601
988.2378 7290.5000 1 M510
801.3587 395.0000 1 M741
1323.4009 1351.1000 1 M710
163.7881 2.7000 1 M758
1737.9024 754.3000 1 M735
688.5195 3598.7000 1 M642
478.8067 1218.8000 1 M724
2244.2642 4267.8000 1 M622
1176.1619 3701.3000 1 M643
1351.5050 1578.6000 1 M715
919.2548 830.3000 1 M742
1086.0946 4275.5000 1 M629
2109.8002 10990.4000 1 M406
883.1610 195.3000 1 M769
2023.7183 2248.8000 1 M702
2247.8111 9593.1000 1 M457
1070.2916 1650.0000 1 M725
1228.5131 8396.8000 1 M499
1061.3836 4071.0000 1 M645
1839.5177 5280.1000 1 M605
972.1332 7160.5000 1 M542
434.1321 3885.9000 1 M653
2272.1314 10563.4000 1 M431
1990.9641 2843.2000 1 M690
263.7019 167.2000 1 M782
418.6445 3706.4000 1 M664
800.9892 5702.6000 1 M598
672.5135 1802.6000 1 M730
505.9258 10503.3000 1 M441
1660.6438 4647.7000 1 M637
888.3575 798.8000 1 M767
1400.2376 984.1000 1 M761
2315.4259 2768.8000 1 M703
1381.0476 277.3000 1 M788
1596.0384 890.3000 1 M768
695.5342 6843.7000 1 M568
590.2750 6277.8000 1 M588
579.5606 104.9000 1 M797
1580.2053 4478.6000 1 M652
645.6067 1452.5000 1 M754
250.9160 104.4000 1 M801
801.7860 404.1000 1 M793
887.2187 1756.0000 1 M748
1408.9872 5830.0000 1 M611
1240.7981 2114.8000 1 M738
2632.9586 471.6000 1 M795
1584.4968 9507.0000 1 M492
431.2276 3146.9000 1 M706
697.6423 13765.2000 1 M349
3438.5831 8350.8000 1 M534
433.9965 14434.1000 1 M332
908.3353 648.9000 1 M799
1831.1203 4604.0000 1 M666
1360.8620 2093.5000 1 M751
1374.7454 5535.8000 1 M635
1859.7285 1224.0000 1 M781
1212.4059 3951.1000 1 M689
1667.4445 7855.2000 1 M558
859.0326 3466.5000 1 M707
229.0731 1908.1000 1 M760
1300.5506 203.2000 1 M819
2523.8916 2009.5000 1 M757
1471.2295 713.4000 1 M802
540.6871 6272.8000 1 M616
1372.4642 8921.5000 1 M529
2633.3845 2169.2000 1 M756
1248.8393 6792.3000 1 M607
392.9001 12155.8000 1 M427
1733.9442 5161.6000 1 M662
1139.5284 1768.1000 1 M778
621.9564 102.8000 1 M836
1385.7770 2230.7000 1 M764
1083.0421 999.5000 1 M807
952.6772 1872.8000 1 M777
3358.3522 4371.6000 1 M694
1419.9234 4583.5000 1 M688
622.6679 2677.3000 1 M753
766.5636 301.3000 1 M835
1420.4225 1176.9000 1 M805
2485.4939 772.8000 1 M820
1230.7604 121.2000 1 M843
1115.1843 7899.8000 1 M581
1353.3302 761.8000 1 M824
1771.8661 3349.6000 1 M737
923.5357 1818.0000 1 M789
1272.4878 2290.3000 1 M773
1208.8403 2413.3000 1 M770
1523.9372 5338.8000 1 M673
1675.1255 695.6000 1 M832
2543.3123 16894.6000 1 M284
692.5886 4629.1000 1 M700
1917.3978 4139.9000 1 M717
949.7472 2106.0000 1 M786
1472.5677 2211.0000 1 M783
1663.2426 172.0000 1 M855
424.6190 26.4000 1 M860
785.7394 970.3000 1 M830
133.0696 2.1000 1 M864
1402.5960 16743.3000 1 M299
716.0851 6381.1000 1 M649
604.5570 52.3000 1 M865
1363.1439 1225.8000 1 M826
358.0476 21.9000 1 M867
754.6527 2649.1000 1 M779
2251.7701 2519.5000 1 M787
1232.6322 15466.0000 1 M354
744.2845 4544.9000 1 M722
2477.1526 581.4000 1 M858
1582.7844 3645.8000 1 M755
555.6937 5077.3000 1 M709
839.7166 1922.3000 1 M821
1618.7506 1335.4000 1 M842
1478.1150 917.7000 1 M857
447.0160 3711.8000 1 M762
604.3218 3693.1000 1 M765
565.6055 4289.5000 1 M745
854.8472 2162.8000 1 M818
2159.0736 4766.9000 1 M733
1397.5162 9253.3000 1 M582
1261.1621 6255.0000 1 M685
1608.2969 12425.1000 1 M479
1702.1080 3004.6000 1 M796
1283.8905 3046.8000 1 M798
1048.5318 2043.6000 1 M833
1813.6600 872.4000 1 M877
1608.5962 10616.6000 1 M549
1737.3569 1463.9000 1 M859
1247.3864 769.0000 1 M884
471.4901 5593.3000 1 M720
1113.7715 10274.5000 1 M567
777.0898 3854.2000 1 M785
434.2003 256.2000 1 M913
561.7736 3245.2000 1 M814
1595.3018 1254.6000 1 M883
1087.0066 4536.6000 1 M772
451.1263 10556.1000 1 M570
2572.1400 1594.5000 1 M873
188.8963 2.1000 1 M927
2635.3821 288.2000 1 M918
1798.5780 2392.1000 1 M847
1374.2846 2502.0000 1 M844
776.9123 936.7000 1 M897
1679.5609 1653.4000 1 M874
399.3058 915.4000 1 M899
1537.6506 1280.2000 1 M888
2497.7480 12015.3000 1 M526
1472.1776 5839.4000 1 M734
1251.7588 3767.4000 1 M806
962.1889 1118.6000 1 M896
1721.9079 2763.7000 1 M841
850.9207 71.5000 1 M932
1285.3056 986.8000 1 M903
608.2629 86.5000 1 M934
301.5040 150.7000 1 M933
192.3172 9282.3000 1 M627
388.7576 2350.7000 1 M863
1832.8438 2270.1000 1 M866
1855.4880 4506.3000 1 M791
1210.4779 4558.3000 1 M792
1159.8057 4265.4000 1 M803
1925.7046 4071.7000 1 M810
1755.2167 2930.0000 1 M850
1667.3405 3601.6000 1 M829
1451.3064 2654.4000 1 M861
895.2934 1696.7000 1 M893
1372.4497 607.9000 1 M930
2639.0897 2915.0000 1 M854
1143.6808 1078.8000 1 M917
1001.8569 1414.7000 1 M907
1242.1942 6606.8000 1 M731
221.7234 24.1000 1 M955
1917.9543 6281.9000 1 M744
2153.6675 17706.8000 1 M360
947.7258 612.6000 1 M937
1399.0723 440.5000 1 M943
616.8401 81.7000 1 M956
1706.4659 201.3000 1 M953
1321.3469 425.7000 1 M949
1810.9686 5593.8000 1 M774
1889.8730 7170.3000 1 M721
1431.0402 4128.7000 1 M827
1272.9808 11422.9000 1 M580
2179.2309 2293.8000 1 M889
394.3204 642.0000 1 M945
1431.1343 2031.9000 1 M898
2275.6810 13351.6000 1 M517
2029.6724 221.8000 1 M961
687.5516 660.6000 1 M947
971.3949 60.2000 1 M968
798.0551 1018.5000 1 M935
489.7555 13386.1000 1 M520
1555.5254 2470.9000 1 M891
507.5441 29.9000 1 M976
1248.6264 2105.0000 1 M905
937.8761 374.4000 1 M964
1677.7224 5925.4000 1 M775
1468.9159 8879.0000 1 M676
179.2782 2.9000 1 M978
1260.9830 6448.3000 1 M759
2699.7420 12815.8000 1 M546
646.9098 3002.5000 1 M878
2011.6460 16000.0000 1 M442
1804.8595 6751.9000 1 M752
1112.7809 3828.4000 1 M853
1089.6809 10814.2000 1 M618
1532.4255 16936.4000 1 M414
502.4551 9162.1000 1 M675
1310.3216 7925.1000 1 M723
1557.3730 2936.0000 1 M894
1831.4244 1646.0000 1 M940
1293.1052 11899.9000 1 M593
417.2368 7745.6000 1 M736
1411.9748 840.6000 1 M972
1724.1024 428.4000 1 M989
459.0538 167.4000 1 M999
2208.6344 5146.4000 1 M831
1635.3270 3116.2000 1 M901
1233.0419 2804.0000 1 M912
827.6492 1379.5000 1 M960
1233.0295 4079.2000 1 M869
1252.9210 4047.1000 1 M871
1495.6947 2576.6000 1 M922
2124.9511 278.1000 1 M1001
1131.0977 11040.7000 1 M636
1770.7532 5492.3000 1 M825
403.7151 41.5000 1 M1011
1616.9133 550.3000 1 M995
1415.1892 136.4000 1 M1009
963.6024 8097.1000 1 M740
105.0550 3.0000 1 M1016
458.1673 63.0000 1 M1014
449.2452 2490.2000 1 M931
1830.0752 1283.1000 1 M974
1486.5426 17157.1000 1 M439
707.3642 1934.0000 1 M952
404.7838 4271.1000 1 M875
1060.7845 6492.5000 1 M800
1549.2599 9559.4000 1 M697
1207.6319 5236.7000 1 M845
297.7824 58.5000 1 M1022
469.7331 2202.7000 1 M950
1632.5970 5309.4000 1 M846
3367.4028 1539.4000 1 M975
1846.4423 1532.7000 1 M977
671.5773 9960.1000 1 M692
489.1478 2328.8000 1 M954
1434.1658 12619.3000 1 M609
1280.5746 2957.8000 1 M936
644.4797 1367.6000 1 M991
238.6225 14.2000 1 M1039
2452.3133 545.4000 1 M1023
2225.1587 262.8000 1 M1033
1544.4505 621.6000 1 M1021
2228.9755 3928.1000 1 M909
377.5953 2346.5000 1 M963
1065.9664 742.0000 1 M1018
2495.3581 3603.4000 1 M921
599.7478 107.8000 1 M1043
1813.5785 7021.9000 1 M809
1224.8595 5174.3000 1 M872
1142.8561 221.5000 1 M1041
875.7925 1315.4000 1 M1005
1180.3199 14532.8000 1 M561
1491.0297 1808.7000 1 M994
1363.7532 134.5000 1 M1052
728.7453 4890.2000 1 M892
1142.4322 7265.3000 1 M813
333.8409 742.7000 1 M1035
502.5110 11686.3000 1 M665
805.4896 2204.9000 1 M987
2355.3030 5337.9000 1 M882
844.7711 1313.2000 1 M1019
2409.7370 5520.8000 1 M876
1109.2052 1951.3000 1 M998
583.5681 117.2000 1 M1061
2665.1735 822.3000 1 M1038
1115.0623 6868.9000 1 M834
1719.1175 1188.1000 1 M1027
959.2605 1800.5000 1 M1006
949.3285 405.9000 1 M1056
885.6541 2592.9000 1 M984
265.0365 742.7000 1 M1049
1162.9239 2133.9000 1 M1002
1139.4061 1965.8000 1 M1012
465.4367 6825.9000 1 M848
948.2393 4476.4000 1 M928
462.7762 6794.7000 1 M851
1538.0807 7866.5000 1 M815
1317.1746 754.7000 1 M1057
436.4540 3080.0000 1 M979
2305.5384 9455.5000 1 M763
1408.0915 676.6000 1 M1062
1149.2359 8011.9000 1 M816
2180.1920 1847.4000 1 M1026
508.3313 5593.0000 1 M902
1500.7091 329.2000 1 M1082
1034.6388 840.3000 1 M1068
749.5892 237.2000 1 M1089
987.1376 719.1000 1 M1073
1595.2863 3775.1000 1 M971
450.3569 1580.2000 1 M1046
1915.9994 2053.2000 1 M1032
1847.5572 2213.3000 1 M1030
465.9046 1630.9000 1 M1051
2539.8572 5495.0000 1 M925
2030.2836 3684.1000 1 M988
2222.1106 6678.0000 1 M886
227.1557 8.2000 1 M1112
829.5552 1563.7000 1 M1060
2886.2332 320.5000 1 M1103
1454.7776 4197.5000 1 M973
373.5363 500.6000 1 M1099
2873.3131 4913.0000 1 M951
890.4252 1910.8000 1 M1055
1543.5361 16675.4000 1 M556
841.8687 2665.0000 1 M1031
968.4236 849.9000 1 M1093
1765.1089 4144.5000 1 M983
589.9216 1133.1000 1 M1087
2740.7583 1766.1000 1 M1066
1441.8176 3300.0000 1 M1015
1164.0609 6674.6000 1 M900
2299.2427 3576.1000 1 M1008
2628.5985 16532.3000 1 M572
1074.7037 304.3000 1 M1122
1271.0525 8717.2000 1 M838
1265.1676 1653.0000 1 M1077
1645.3874 4543.7000 1 M981
2062.5084 2446.2000 1 M1054
1458.2083 2123.5000 1 M1065
1044.5838 4496.6000 1 M985
968.5714 1529.0000 1 M1085
2074.7778 646.1000 1 M1116
1265.6367 1043.4000 1 M1104
1323.6803 579.6000 1 M1119
1945.4042 7647.5000 1 M881
757.3556 1076.4000 1 M1105
631.1157 1453.0000 1 M1096
1140.7249 2116.0000 1 M1074
1697.7742 2010.8000 1 M1079
2941.6377 6094.7000 1 M941
1396.4152 247.1000 1 M1141
1333.5386 3601.4000 1 M1029
437.6477 10244.4000 1 M804
1694.8579 1201.5000 1 M1111
1512.1555 374.6000 1 M1139
2180.1381 6687.9000 1 M926
1415.7716 303.5000 1 M1142
1244.6698 1792.9000 1 M1094
1457.8471 8398.9000 1 M870
909.9656 992.3000 1 M1123
360.0719 7126.7000 1 M916
1051.4924 4786.6000 1 M996
718.6121 4086.7000 1 M1020
1109.6775 5271.7000 1 M980
1303.7940 5021.3000 1 M990
418.3284 6978.4000 1 M923
937.8871 796.3000 1 M1132
2164.2057 336.2000 1 M1150
1108.0320 8102.2000 1 M887
1286.1814 483.3000 1 M1145
333.1708 9321.2000 1 M849
1884.7849 161.6000 1 M1159
685.7272 5875.5000 1 M967
1014.2082 3150.4000 1 M1063
1680.6546 12458.6000 1 M747
115.5787 3.9000 1 M1170
1546.5946 2596.2000 1 M1083
789.9708 5360.2000 1 M992
516.7083 145.0000 1 M1168
1142.7717 4929.4000 1 M1007
1365.6439 4447.8000 1 M1024
2340.4704 250.6000 1 M1172
2168.1533 1359.1000 1 M1134
1803.0088 2229.0000 1 M1108
918.9958 14882.7000 1 M680
1482.2747 10560.2000 1 M828
841.2778 982.5000 1 M1154
1225.3218 1742.6000 1 M1130
1612.1741 1839.8000 1 M1127
2418.8291 244.6000 1 M1182
1452.8910 5863.3000 1 M993
1968.9153 3102.1000 1 M1086
1328.9939 10893.5000 1 M823
517.2893 1188.8000 1 M1155
875.9581 3436.4000 1 M1080
1379.1331 1860.6000 1 M1133
1528.9088 2563.1000 1 M1110
1672.3498 1186.3000 1 M1158
535.4905 207.5000 1 M1192
1155.9138 3949.2000 1 M1071
292.4967 65.4000 1 M1204
2601.8411 4066.8000 1 M1069
1332.6668 12853.9000 1 M771
538.2274 1525.4000 1 M1156
1248.8424 2731.9000 1 M1117
797.7391 1776.8000 1 M1149
3075.3844 2806.8000 1 M1115
1144.3605 1323.7000 1 M1166
897.2688 1110.5000 1 M1174
752.9821 872.1000 1 M1183
1457.5334 5788.7000 1 M1017
729.2456 60.1000 1 M1214
996.6531 825.9000 1 M1188
970.7890 608.1000 1 M1196
1423.3216 5107.7000 1 M1045
2594.9981 11204.2000 1 M839
2069.7601 8271.2000 1 M938
895.7405 10853.9000 1 M852
2046.0317 914.9000 1 M1189
1481.0579 4111.1000 1 M1081
262.6372 109.2000 1 M1218
1299.0518 3833.8000 1 M1092
912.7697 2251.8000 1 M1147
908.5372 4406.0000 1 M1075
223.8223 329.7000 1 M1215
92.0256 2.3000 1 M1226
1685.5310 13052.4000 1 M784
1716.0976 137.9000 1 M1223
724.8910 2705.4000 1 M1135
1079.7919 1483.3000 1 M1178
614.8975 10846.8000 1 M862
1557.9898 6657.9000 1 M1004
522.2844 286.3000 1 M1221
1141.0249 3059.9000 1 M1129
1206.9350 8695.3000 1 M939
1023.3643 7347.5000 1 M986
1964.0205 3388.0000 1 M1124
1225.4948 8000.0000 1 M969
1256.0207 646.9000 1 M1219
1380.7044 2093.4000 1 M1169
1208.0757 10480.1000 1 M885
967.6464 1180.1000 1 M1202
2217.8010 11018.5000 1 M868
1469.7869 2607.1000 1 M1153
1814.3217 8371.7000 1 M958
559.9889 1436.8000 1 M1194
541.3605 4608.6000 1 M1088
567.1081 82.0000 1 M1248
1983.8041 3336.0000 1 M1137
1790.3646 2342.1000 1 M1173
1184.9921 17636.3000 1 M655
983.3044 5780.1000 1 M1058
1488.5168 4149.6000 1 M1113
2200.4994 10223.4000 1 M908
2196.6229 6366.0000 1 M1040
1100.2521 3985.9000 1 M1120
417.5294 12339.8000 1 M840
98.4912 3.0000 1 M1259
1492.4730 6922.2000 1 M1025
846.4482 220.5000 1 M1253
2386.0247 4213.6000 1 M1118
251.4940 10.5000 1 M1261
1445.7375 4916.0000 1 M1097
271.9327 793.1000 1 M1237
817.9263 62.0000 1 M1262
428.6837 33.7000 1 M1267
765.3909 776.0000 1 M1243
372.9759 2073.3000 1 M1200
705.6450 1917.2000 1 M1206
1850.5915 11566.6000 1 M879
1197.0946 652.4000 1 M1251
1175.6264 1417.0000 1 M1227
772.4913 2323.1000 1 M1197
321.0450 1630.9000 1 M1224
1507.6762 1771.3000 1 M1220
2806.5787 6785.6000 1 M1050
1050.4076 133.8000 1 M1276
1954.7004 5358.7000 1 M1101
2643.3282 5687.5000 1 M1090
1840.3253 751.5000 1 M1258
852.9565 6364.6000 1 M1070
1013.5206 9007.6000 1 M982
977.7112 8473.9000 1 M1000
1292.6340 4041.5000 1 M1151
1378.0099 537.9000 1 M1270
1972.4163 1101.8000 1 M1252
1615.2303 7043.0000 1 M1053
1137.3330 4156.5000 1 M1152
1407.5685 3478.8000 1 M1176
1200.4216 2834.4000 1 M1201
1369.8304 5801.6000 1 M1100
1014.8384 3816.7000 1 M1167
1619.9117 16148.9000 1 M749
1208.6092 1939.8000 1 M1232
1384.7577 2685.2000 1 M1208
1205.8134 2085.8000 1 M1230
1291.1582 14558.8000 1 M811
1214.7967 3714.9000 1 M1181
1117.9659 15159.2000 1 M794
1777.8469 4940.1000 1 M1140
237.7342 7.0000 1 M1308
923.0732 3408.0000 1 M1195
1600.9154 2929.8000 1 M1212
440.7959 1111.5000 1 M1274
3023.7915 1989.2000 1 M1245
416.1008 14847.8000 1 M812
354.8360 116.6000 1 M1311
847.1506 5106.1000 1 M1148
528.9193 2046.2000 1 M1256
1698.6418 1533.3000 1 M1273
849.2855 806.0000 1 M1300
2545.4361 1910.7000 1 M1263
2664.5185 1757.6000 1 M1268
469.9241 4854.0000 1 M1165
1898.0138 2525.2000 1 M1246
2039.1016 562.8000 1 M1313
153.4881 2.7000 1 M1332
1263.2309 1894.9000 1 M1271
932.3472 4630.3000 1 M1179
70.0964 3.4000 1 M1337
2289.9405 3058.3000 1 M1235
1356.5933 3613.1000 1 M1217
1076.8787 747.0000 1 M1314
529.9683 3168.9000 1 M1233
175.3960 3.4000 1 M1340
1637.8178 230.3000 1 M1335
1767.1459 2135.0000 1 M1272
697.3934 7210.3000 1 M1102
2300.0270 869.0000 1 M1316
1196.7752 487.5000 1 M1329
1130.7413 1827.5000 1 M1285
932.6292 2318.7000 1 M1269
709.8307 339.5000 1 M1336
1436.5993 3333.8000 1 M1236
1130.2478 703.5000 1 M1327
1016.1361 4693.9000 1 M1193
1494.5629 3365.6000 1 M1240
2293.0212 2686.5000 1 M1264
587.1731 1169.1000 1 M1315
370.0036 755.5000 1 M1330
2739.8580 1426.8000 1 M1312
508.2394 4636.0000 1 M1205
1534.6082 15919.7000 1 M822
598.2070 291.9000 1 M1352
1353.3118 13104.2000 1 M920
1320.3380 945.7000 1 M1333
1973.7160 6031.2000 1 M1163
146.6192 3.8000 1 M1366
538.5254 124.9000 1 M1363
546.7648 12550.0000 1 M944
1032.5320 2112.0000 1 M1301
2280.0411 2357.3000 1 M1293
970.6187 209.7000 1 M1365
720.8154 17225.7000 1 M790
1560.9027 207.8000 1 M1367
1399.3926 6272.6000 1 M1164
943.6539 1116.0000 1 M1339
674.5262 2743.5000 1 M1286
2234.2395 625.0000 1 M1357
938.8864 1458.2000 1 M1331
1547.4340 8786.9000 1 M1084
1584.5263 3928.6000 1 M1249
943.3285 596.7000 1 M1361
1625.4338 8195.8000 1 M1107
1599.8686 1254.8000 1 M1346
1054.6289 2531.4000 1 M1304
1078.4144 12417.3000 1 M970
1851.9602 2580.3000 1 M1306
751.3472 4060.3000 1 M1257
1562.4546 631.9000 1 M1372
30.4496 3.4000 1 M1395
3025.9659 6987.6000 1 M1160
1678.6269 580.8000 1 M1377
1607.1537 1794.0000 1 M1342
1983.9354 6570.6000 1 M1185
1612.3819 4563.0000 1 M1255
2023.3723 6984.8000 1 M1175
2028.4800 3028.8000 1 M1309
1524.7654 1660.2000 1 M1355
1606.8997 128.1000 1 M1410
2391.8371 3112.7000 1 M1310
2186.8035 11284.0000 1 M1034
1188.5274 275.1000 1 M1406
1325.2136 1259.5000 1 M1373
296.9935 4106.1000 1 M1279
408.2184 3597.6000 1 M1297
1914.3217 7148.3000 1 M1177
634.0530 102.7000 1 M1416
561.5236 1013.4000 1 M1387
1371.6470 2295.6000 1 M1345
841.4310 1644.1000 1 M1371
2855.0599 668.5000 1 M1408
2904.0129 255.0000 1 M1424
573.6386 2713.4000 1 M1341
1944.7574 4597.3000 1 M1278
1257.1513 3427.2000 1 M1318
1757.2903 2318.1000 1 M1359
1081.2903 7908.1000 1 M1171
867.3020 219.4000 1 M1431
1319.1295 2215.2000 1 M1364
1050.3825 299.9000 1 M1430
870.8742 466.2000 1 M1425
1179.1230 4684.6000 1 M1283
1899.4837 1630.8000 1 M1386
939.9227 17908.6000 1 M837
2513.9314 2130.3000 1 M1374
719.0080 3524.5000 1 M1328
933.7968 2866.6000 1 M1351
2412.1246 3719.4000 1 M1323
712.7049 70.4000 1 M1447
2004.5833 11501.2000 1 M1064
2030.3817 5901.3000 1 M1254
3149.7243 7978.3000 1 M1184
699.6367 2014.0000 1 M1385
482.9259 4421.3000 1 M1305
1546.5550 7590.0000 1 M1199
1175.6715 1861.8000 1 M1393
509.8467 403.8000 1 M1443
1631.4104 1648.1000 1 M1401
1868.3169 8323.6000 1 M1180
1947.3047 -1.0000 -1 M670
1423.1649 -1.0000 -1 M1136
2331.6787 -1.0000 -1 M1378
882.0627 -1.0000 -1 M1379
1433.7342 -1.0000 -1 M82
1774.2253 -1.0000 -1 M552
2449.4892 -1.0000 -1 M1138
1598.5827 -1.0000 -1 M86
679.7057 -1.0000 -1 M314
2622.1802 -1.0000 -1 M319
284.5399 -1.0000 -1 M318
1751.3847 -1.0000 -1 M1375
1078.1762 -1.0000 -1 M1013
393.2069 -1.0000 -1 M1376
1501.7199 -1.0000 -1 M1370
755.6325 -1.0000 -1 M1250
485.8360 -1.0000 -1 M1010
1266.1689 -1.0000 -1 M1131
1132.1111 -1.0000 -1 M780
1707.8124 -1.0000 -1 M301
1845.6510 -1.0000 -1 M543
1369.0077 -1.0000 -1 M1389
1503.1391 -1.0000 -1 M1028
1511.0912 -1.0000 -1 M92
1557.2349 -1.0000 -1 M667
2351.5472 -1.0000 -1 M423
816.8687 -1.0000 -1 M308
2242.8938 -1.0000 -1 M429
2193.4433 -1.0000 -1 M1380
1163.4662 -1.0000 -1 M1143
1047.6809 -1.0000 -1 M1144
1620.9930 -1.0000 -1 M1265
1025.1545 -1.0000 -1 M1266
1682.1538 -1.0000 -1 M1146
715.9213 -1.0000 -1 M1388
1507.6245 -1.0000 -1 M1260
906.0530 -1.0000 -1 M1381
2673.6615 -1.0000 -1 M1382
916.1308 -1.0000 -1 M1383
1822.5378 -1.0000 -1 M1384
1085.2192 -1.0000 -1 M451
2565.4850 -1.0000 -1 M1239
1774.0088 -1.0000 -1 M450
777.1191 -1.0000 -1 M571
1964.6971 -1.0000 -1 M691
1173.5442 -1.0000 -1 M576
990.9113 -1.0000 -1 M1114
852.6985 -1.0000 -1 M1356
567.1935 -1.0000 -1 M212
1358.2163 -1.0000 -1 M575
1341.8698 -1.0000 -1 M695
2350.2164 -1.0000 -1 M1358
1473.0794 -1.0000 -1 M1238
1574.9127 -1.0000 -1 M217
2596.9943 -1.0000 -1 M337
1215.4676 -1.0000 -1 M1231
1251.6891 -1.0000 -1 M1353
1334.1029 -1.0000 -1 M1354
2022.7754 -1.0000 -1 M1234
828.4897 -1.0000 -1 M1350
1651.3158 -1.0000 -1 M682
669.6449 -1.0000 -1 M681
981.6329 -1.0000 -1 M1125
1032.0409 -1.0000 -1 M201
602.9453 -1.0000 -1 M322
1695.9690 -1.0000 -1 M1126
1888.3090 -1.0000 -1 M1247
2274.0044 -1.0000 -1 M1368
1436.7798 -1.0000 -1 M1369
1926.1922 -1.0000 -1 M1128
1163.3302 -1.0000 -1 M449
1490.7002 -1.0000 -1 M1121
1782.7016 -1.0000 -1 M1242
1841.2527 -1.0000 -1 M1244
1438.8282 -1.0000 -1 M1003
1030.4519 -1.0000 -1 M1360
1271.5460 -1.0000 -1 M1241
437.7567 -1.0000 -1 M1362
802.7904 -1.0000 -1 M473
1399.4449 -1.0000 -1 M1059
1325.5685 -1.0000 -1 M910
1869.4875 -1.0000 -1 M116
314.1809 -1.0000 -1 M358
1249.1206 -1.0000 -1 M914
1006.5138 -1.0000 -1 M911
1941.5914 -1.0000 -1 M1290
523.1726 -1.0000 -1 M1291
681.8905 -1.0000 -1 M915
1069.0126 -1.0000 -1 M1292
1088.1558 -1.0000 -1 M919
1216.0356 -1.0000 -1 M1298
537.2679 -1.0000 -1 M1299
524.3568 -1.0000 -1 M1294
854.0499 -1.0000 -1 M1295
1778.1236 -1.0000 -1 M1296
1716.3690 -1.0000 -1 M341
506.0958 -1.0000 -1 M462
2607.6257 -1.0000 -1 M103
2446.1333 -1.0000 -1 M345
3885.4859 -1.0000 -1 M102
1256.8352 -1.0000 -1 M101
1073.4851 -1.0000 -1 M584
770.3708 -1.0000 -1 M104
563.3104 -1.0000 -1 M109
922.4377 -1.0000 -1 M229
921.7357 -1.0000 -1 M906
1568.2504 -1.0000 -1 M904
479.3497 -1.0000 -1 M1187
1560.4235 -1.0000 -1 M1067
1130.1285 -1.0000 -1 M1186
1104.6003 -1.0000 -1 M132
1850.6302 -1.0000 -1 M130
819.7899 -1.0000 -1 M257
1415.5958 -1.0000 -1 M1037
864.2712 -1.0000 -1 M134
1203.6728 -1.0000 -1 M376
3014.6518 -1.0000 -1 M254
1269.6941 -1.0000 -1 M139
760.0876 -1.0000 -1 M379
954.2239 -1.0000 -1 M817
1151.0038 -1.0000 -1 M1390
886.0930 -1.0000 -1 M1391
1889.2937 -1.0000 -1 M1275
1232.0989 -1.0000 -1 M1396
952.2731 -1.0000 -1 M1397
1100.9129 -1.0000 -1 M1277
1661.4850 -1.0000 -1 M1398
1324.9962 -1.0000 -1 M1036
400.9419 -1.0000 -1 M1157
2890.8206 -1.0000 -1 M1399
1911.3588 -1.0000 -1 M1392
1727.6703 -1.0000 -1 M1394
1022.6910 -1.0000 -1 M363
1023.4100 -1.0000 -1 M482
1465.7370 -1.0000 -1 M1048
748.0028 -1.0000 -1 M487
1286.2624 -1.0000 -1 M369
1067.4691 -1.0000 -1 M924
2066.1018 -1.0000 -1 M808
1407.1921 -1.0000 -1 M929
1655.0768 -1.0000 -1 M1280
2213.2083 -1.0000 -1 M1281
1546.8639 -1.0000 -1 M1044
1321.6938 -1.0000 -1 M1287
1702.9747 -1.0000 -1 M1288
650.9454 -1.0000 -1 M1047
1044.8743 -1.0000 -1 M1289
1522.5855 -1.0000 -1 M1161
1554.4235 -1.0000 -1 M1282
867.8153 -1.0000 -1 M1162
1058.2474 -1.0000 -1 M1042
1227.3516 -1.0000 -1 M1284
1155.1132 -1.0000 -1 M1415
844.2630 -1.0000 -1 M153
2305.9100 -1.0000 -1 M1417
212.8309 -1.0000 -1 M1418
1705.6219 -1.0000 -1 M1411
735.3829 -1.0000 -1 M1412
1070.2469 -1.0000 -1 M277
1090.3317 -1.0000 -1 M1413
1041.5228 -1.0000 -1 M1414
1227.0437 -1.0000 -1 M159
1175.2870 -1.0000 -1 M716
1067.2341 -1.0000 -1 M1419
464.1922 -1.0000 -1 M957
1429.2762 -1.0000 -1 M714
1539.7425 -1.0000 -1 M1091
2071.2226 -1.0000 -1 M718
1733.7864 -1.0000 -1 M959
1013.3766 -1.0000 -1 M282
1142.0371 -1.0000 -1 M1095
2290.5236 -1.0000 -1 M1098
2472.9588 -1.0000 -1 M264
511.7547 -1.0000 -1 M385
1223.8980 -1.0000 -1 M1426
2029.3372 -1.0000 -1 M1427
1940.0073 -1.0000 -1 M1307
777.1539 -1.0000 -1 M1428
1028.2632 -1.0000 -1 M1429
2583.9623 -1.0000 -1 M1422
1657.3349 -1.0000 -1 M388
1356.6481 -1.0000 -1 M1302
897.3203 -1.0000 -1 M1423
2470.2184 -1.0000 -1 M1303
1351.7189 -1.0000 -1 M265
2127.1033 -1.0000 -1 M942
2119.9892 -1.0000 -1 M946
770.1320 -1.0000 -1 M948
469.0557 -1.0000 -1 M19
2423.3960 -1.0000 -1 M1420
887.4879 -1.0000 -1 M1421
552.8032 -1.0000 -1 M150
2838.5655 -1.0000 -1 M271
769.3625 -1.0000 -1 M298
1766.7746 -1.0000 -1 M732
833.6793 -1.0000 -1 M610
855.2878 -1.0000 -1 M856
1275.9861 -1.0000 -1 M1190
1520.9841 -1.0000 -1 M1191
2131.5276 -1.0000 -1 M1072
1287.4765 -1.0000 -1 M1198
1274.3981 -1.0000 -1 M1078
608.4236 -1.0000 -1 M1076
975.0467 -1.0000 -1 M286
1500.7493 -1.0000 -1 M1404
1762.9685 -1.0000 -1 M1405
1168.6554 -1.0000 -1 M1407
2458.9283 -1.0000 -1 M1400
1296.4392 -1.0000 -1 M1402
1372.9095 -1.0000 -1 M1403
1879.3162 -1.0000 -1 M965
914.5466 -1.0000 -1 M962
1244.4475 -1.0000 -1 M727
2173.6716 -1.0000 -1 M726
998.0238 -1.0000 -1 M1409
1349.2720 -1.0000 -1 M966
1104.4915 -1.0000 -1 M36
903.3255 -1.0000 -1 M729
1639.4098 -1.0000 -1 M1338
548.0582 -1.0000 -1 M1459
482.2748 -1.0000 -1 M1213
2885.5158 -1.0000 -1 M1334
1037.9951 -1.0000 -1 M1455
1641.8116 -1.0000 -1 M1456
945.9652 -1.0000 -1 M1457
825.4803 -1.0000 -1 M1216
1371.8465 -1.0000 -1 M1458
1044.4721 -1.0000 -1 M997
1535.9192 -1.0000 -1 M46
1910.2705 -1.0000 -1 M519
548.5128 -1.0000 -1 M1451
1149.8638 -1.0000 -1 M1210
1187.0658 -1.0000 -1 M1452
861.5415 -1.0000 -1 M1211
1673.4644 -1.0000 -1 M1453
2504.9950 -1.0000 -1 M1454
1101.8716 -1.0000 -1 M1450
918.8111 -1.0000 -1 M187
840.1481 -1.0000 -1 M1228
1786.3769 -1.0000 -1 M1349
689.1405 -1.0000 -1 M186
785.3674 -1.0000 -1 M1229
1484.5674 -1.0000 -1 M1109
1302.9641 -1.0000 -1 M1225
504.1581 -1.0000 -1 M1347
680.9673 -1.0000 -1 M1106
2516.7850 -1.0000 -1 M1348
1840.5251 -1.0000 -1 M502
995.3841 -1.0000 -1 M53
1202.2930 -1.0000 -1 M743
1883.8109 -1.0000 -1 M59
781.9302 -1.0000 -1 M58
2258.5461 -1.0000 -1 M508
1369.7681 -1.0000 -1 M1222
2388.9246 -1.0000 -1 M1343
2105.4674 -1.0000 -1 M1344
2331.1291 -1.0000 -1 M193
1679.8296 -1.0000 -1 M1460
2522.2631 -1.0000 -1 M1461
1396.7948 -1.0000 -1 M1437
303.0992 -1.0000 -1 M890
910.5983 -1.0000 -1 M1317
585.6109 -1.0000 -1 M1438
908.9426 -1.0000 -1 M1439
720.1371 -1.0000 -1 M1319
2372.6875 -1.0000 -1 M532
2134.4764 -1.0000 -1 M895
1176.6406 -1.0000 -1 M1433
1297.9173 -1.0000 -1 M1434
1202.3271 -1.0000 -1 M60
1743.3584 -1.0000 -1 M1435
1277.5080 -1.0000 -1 M650
265.2877 -1.0000 -1 M1436
2474.2701 -1.0000 -1 M415
426.2560 -1.0000 -1 M656
2139.7338 -1.0000 -1 M776
510.8720 -1.0000 -1 M658
2310.2858 -1.0000 -1 M1432
2013.7448 -1.0000 -1 M880
1115.2877 -1.0000 -1 M1448
2003.4718 -1.0000 -1 M1207
1204.8920 -1.0000 -1 M1449
1266.2560 -1.0000 -1 M1209
2161.9216 -1.0000 -1 M1444
960.6716 -1.0000 -1 M1203
1701.7870 -1.0000 -1 M1324
472.5942 -1.0000 -1 M1445
697.5260 -1.0000 -1 M1325
1709.7877 -1.0000 -1 M1446
409.5037 -1.0000 -1 M1326
768.1542 -1.0000 -1 M766
2663.6563 -1.0000 -1 M522
1251.6240 -1.0000 -1 M408
1629.1248 -1.0000 -1 M407
754.8062 -1.0000 -1 M528
709.7644 -1.0000 -1 M405
1814.2019 -1.0000 -1 M1440
1372.2301 -1.0000 -1 M1320
1600.8222 -1.0000 -1 M1441
546.1627 -1.0000 -1 M1321
884.9894 -1.0000 -1 M1442
727.4099 -1.0000 -1 M1322
