# Scenario Investigation_Of_Reports_Session
# distance at msg send, delivery time, hop count, MSG_ID
267.3916 12.6000 2 M1
1871.5302 153.0000 9 M3
1742.6464 188.1000 13 M2
741.6332 130.7000 8 M7
1292.0721 248.6000 10 M5
1156.1301 179.2000 5 M9
799.0033 147.4000 6 M11
369.7422 12.9000 3 M16
1006.5392 161.3000 1 M14
1910.3472 391.9000 7 M8
1913.3546 510.3000 15 M6
943.2500 564.5000 17 M10
970.5604 178.7000 6 M24
1281.5617 662.3000 6 M15
427.5020 334.6000 7 M38
1848.3799 672.8000 16 M39
328.2258 89.1000 3 M66
310.4034 623.0000 5 M51
665.9296 81.5000 2 M72
277.5884 567.9000 4 M57
20.3202 4.3000 1 M77
1067.9390 1112.1000 11 M44
884.4625 379.9000 1 M83
1965.2247 1043.5000 11 M64
522.7100 210.6000 6 M95
995.3841 1880.3000 11 M53
273.6833 1348.0000 1 M76
1867.5949 1537.2000 1 M70
563.3104 448.3000 5 M109
714.1280 583.9000 5 M110
1367.0473 1054.4000 4 M97
1421.1354 1665.2000 4 M79
1104.4915 3280.5000 7 M36
2198.6197 2693.0000 25 M61
1165.0093 197.7000 1 M148
1681.1996 960.0000 2 M125
1328.8698 771.0000 6 M138
753.6249 339.0000 7 M157
881.7224 867.1000 9 M141
408.9995 2939.3000 4 M71
778.7952 1731.7000 6 M113
802.4646 907.3000 21 M143
621.0681 1082.3000 14 M137
363.7759 27.7000 3 M174
441.6399 17.7000 2 M176
1511.0912 2547.5000 12 M92
729.2743 3515.1000 17 M62
2124.1615 1648.0000 4 M128
554.2612 516.7000 3 M167
1141.5894 1722.2000 7 M126
1794.2389 1532.6000 8 M135
664.4556 917.4000 7 M171
171.9648 14.9000 1 M203
885.6691 222.5000 6 M198
1455.2933 655.8000 9 M185
918.8111 639.6000 11 M187
2799.2773 2731.2000 9 M122
1319.9580 154.6000 1 M211
3786.5727 2260.4000 33 M142
2397.7709 412.6000 5 M209
927.4196 519.8000 1 M206
99.9148 3.8000 1 M233
412.5203 505.2000 8 M218
1867.9985 998.3000 4 M202
148.5676 21.0000 1 M240
74.1600 6.0000 1 M243
1631.4353 493.4000 1 M227
864.2295 978.6000 2 M213
1566.9410 379.0000 3 M237
817.6544 934.4000 8 M220
149.5475 8.4000 1 M253
2139.4719 2384.8000 7 M182
1681.9426 2785.0000 21 M183
1206.8189 1281.6000 1 M236
1317.8313 565.5000 2 M270
1869.4875 5110.5000 5 M116
918.1867 782.4000 4 M263
380.8898 23.7000 3 M295
1667.1291 835.8000 4 M267
1525.7447 490.8000 2 M288
1021.2234 3811.8000 5 M180
1266.9797 3932.1000 7 M179
715.5517 3510.6000 1 M194
2456.5586 323.0000 8 M304
1491.7115 802.4000 3 M291
597.3601 5645.9000 25 M127
1901.3541 2587.1000 4 M231
854.4356 933.7000 1 M292
1740.2767 1392.2000 5 M306
1972.5454 1991.7000 1 M285
1114.9698 195.7000 2 M353
2622.1802 1437.4000 10 M319
1590.5199 2991.5000 7 M266
1232.6322 490.6000 7 M354
136.0720 17.2000 1 M370
2245.2207 1096.6000 3 M342
895.4219 147.0000 2 M382
1993.6012 2015.2000 17 M327
1637.9831 1799.1000 23 M344
1386.3255 1002.7000 9 M380
1453.4045 4564.8000 31 M256
2153.6675 1619.9000 7 M360
135.2559 3.0000 1 M421
1164.2234 106.2000 4 M419
1707.8124 3603.6000 8 M301
960.5061 1031.4000 20 M395
690.8043 1147.0000 1 M400
477.0465 102.9000 2 M437
616.0605 61.1000 4 M443
1657.3349 1918.2000 7 M388
2596.9943 3466.6000 3 M337
810.8947 734.1000 16 M430
1644.4434 2669.8000 5 M365
1981.7958 381.0000 6 M444
1447.7179 967.2000 6 M428
886.9257 1545.7000 10 M412
313.6498 317.9000 12 M455
818.9361 630.2000 5 M446
1065.2518 893.7000 1 M453
2249.8579 1004.0000 12 M452
321.2786 365.3000 13 M478
1186.4758 391.2000 8 M481
162.4546 3.2000 1 M494
2272.1314 1915.0000 13 M431
784.1838 334.7000 1 M486
375.7944 107.7000 3 M500
1481.3204 203.0000 1 M501
1221.8528 148.0000 4 M504
243.2277 1381.9000 5 M465
562.8292 65.3000 2 M509
1822.8818 2530.6000 13 M434
1750.3562 1266.6000 1 M480
660.6244 1037.0000 2 M490
1518.8044 683.9000 7 M503
1085.2192 2387.5000 9 M451
1739.1586 3173.6000 10 M426
1489.4583 3301.4000 2 M425
1532.4255 3745.9000 28 M414
754.8062 356.8000 4 M528
1409.8727 1654.2000 5 M488
1036.3630 567.2000 9 M524
2109.8002 4378.0000 11 M406
783.5929 630.1000 1 M539
1239.4016 707.6000 3 M545
1204.9347 534.6000 10 M555
1857.9566 257.7000 1 M566
349.9163 572.0000 8 M557
451.1263 354.3000 7 M570
1177.2229 92.4000 1 M579
777.1191 459.2000 9 M571
2220.1078 1295.8000 8 M554
1327.7687 326.1000 4 M589
1608.5962 1549.7000 4 M549
1270.5000 1708.7000 16 M562
334.6101 262.1000 3 M613
480.1149 696.0000 2 M602
1133.6122 1626.1000 15 M577
1037.8294 229.3000 7 M634
1887.2993 1290.6000 14 M604
1224.5974 454.6000 5 M633
1162.7112 543.8000 6 M632
759.3354 147.8000 1 M646
777.9479 914.6000 2 M623
1799.2960 3408.2000 6 M541
687.0524 694.6000 11 M638
192.3172 1235.3000 5 M627
1176.1619 972.2000 3 M643
2372.6875 4320.6000 19 M532
1184.9921 657.5000 11 M655
817.7795 541.4000 8 M659
2285.9855 2773.2000 9 M586
561.0088 49.2000 1 M684
695.5342 3503.5000 12 M568
500.8710 2426.4000 6 M606
502.4551 479.1000 3 M675
833.6315 506.8000 4 M679
671.5773 195.0000 4 M692
1203.6017 2435.8000 26 M620
95.2912 10.1000 1 M705
1408.9872 2869.5000 3 M611
1434.4949 3559.6000 25 M595
1831.1203 1455.7000 13 M666
555.6937 379.9000 5 M709
1277.5080 2197.7000 10 M650
1029.6161 3000.4000 14 M628
189.7409 788.6000 5 M708
417.2368 17.1000 3 M736
431.2276 936.2000 4 M706
895.3667 2578.7000 37 M651
2244.2642 3557.4000 11 M622
642.8947 50.2000 1 M746
1917.3978 939.9000 5 M717
2459.4466 6948.2000 5 M516
328.1328 345.8000 1 M739
163.7881 5.4000 1 M758
1990.9641 2030.2000 17 M690
2173.6716 1087.5000 4 M726
2023.7183 2108.9000 4 M702
471.4901 1779.3000 2 M720
768.1542 443.2000 6 M766
1562.3343 1914.6000 7 M719
1733.9442 4052.6000 20 M662
250.9160 122.6000 3 M801
801.7860 405.0000 1 M793
1240.7981 2129.1000 1 M738
1360.8620 1799.1000 5 M751
1087.0066 1662.4000 3 M772
2485.4939 450.1000 4 M820
621.9564 123.2000 1 M836
2251.7701 1783.6000 16 M787
333.1708 66.9000 3 M849
1632.5970 386.6000 6 M846
1482.2747 956.2000 10 M828
133.0696 2.8000 1 M864
2305.5384 2997.1000 2 M763
1272.4878 2781.5000 3 M773
754.6527 2652.3000 1 M779
1363.1439 1401.8000 4 M826
839.7166 1941.3000 1 M821
1702.1080 2788.0000 2 M796
1374.2846 1487.4000 4 M844
2217.8010 790.6000 12 M868
399.3058 82.8000 3 M899
2572.1400 922.1000 8 M873
1159.8057 3023.6000 11 M803
777.0898 3557.4000 11 M785
1721.9079 2051.9000 4 M841
1108.0320 870.2000 6 M887
1249.1206 255.0000 2 M914
2013.7448 1373.7000 3 M880
360.0719 397.7000 7 M916
418.3284 250.3000 3 M923
1208.0757 1409.3000 18 M885
449.2452 43.2000 2 M931
850.9207 71.5000 1 M932
1555.5254 1489.1000 4 M891
1067.4691 629.5000 16 M924
1582.7844 5622.8000 19 M755
1451.3064 2664.5000 1 M861
2639.0897 3000.8000 12 M854
221.7234 24.1000 1 M955
616.8401 83.7000 1 M956
1706.4659 247.9000 4 M953
464.1922 275.6000 6 M957
687.5516 596.9000 15 M947
2029.6724 224.4000 7 M961
971.3949 74.1000 1 M968
937.8761 218.2000 4 M964
1372.4497 1211.3000 1 M930
914.5466 329.9000 5 M962
1285.3056 2070.6000 16 M903
179.2782 5.2000 1 M978
489.1478 691.9000 5 M954
827.6492 538.9000 9 M960
1248.6264 2346.2000 5 M905
1411.9748 473.0000 7 M972
2119.9892 1383.7000 9 M946
2180.1381 2003.6000 29 M926
1225.4948 893.8000 5 M969
1724.1024 386.6000 5 M989
1415.1892 136.7000 7 M1009
1206.9350 2225.7000 14 M939
1280.5746 2313.2000 7 M936
2539.8572 2948.0000 3 M925
948.2393 2973.4000 16 M928
1044.4721 1000.0000 6 M997
238.6225 20.4000 1 M1039
1457.5334 712.6000 5 M1017
1557.9898 1135.3000 10 M1004
1142.8561 224.7000 1 M1041
1814.3217 2871.5000 12 M958
2452.3133 1110.2000 15 M1023
949.3285 147.8000 3 M1056
1058.2474 569.4000 2 M1042
1492.4730 1074.3000 11 M1025
1503.1391 1043.1000 11 M1028
1317.1746 207.3000 5 M1057
890.4252 380.7000 6 M1055
608.4236 109.9000 4 M1076
650.9454 1065.5000 19 M1047
599.7478 1266.8000 5 M1043
465.9046 1051.0000 5 M1051
1014.2082 927.2000 9 M1063
1481.0579 411.9000 5 M1081
977.7112 2854.7000 20 M1000
852.9565 814.0000 5 M1070
987.1376 725.6000 1 M1073
1155.9138 803.6000 6 M1071
1445.7375 130.9000 3 M1097
631.1157 400.2000 7 M1096
1458.2083 1354.0000 4 M1065
2886.2332 324.0000 4 M1103
1547.4340 1032.7000 3 M1084
968.4236 851.0000 1 M1093
1770.7532 8770.4000 21 M825
1142.0371 985.0000 6 M1095
680.9673 955.1000 3 M1106
1100.2521 730.8000 5 M1120
1323.6803 877.9000 4 M1119
1396.4152 247.1000 1 M1141
2004.5833 2635.3000 8 M1064
1884.7849 164.4000 1 M1159
1137.3330 475.9000 9 M1152
115.5787 17.4000 1 M1170
2386.0247 1573.3000 18 M1118
516.7083 119.5000 2 M1168
1407.5685 251.1000 5 M1176
3075.3844 2121.0000 32 M1115
996.6531 302.5000 7 M1188
1163.4662 1622.9000 24 M1143
372.9759 76.7000 2 M1200
2168.1533 2122.2000 2 M1134
1469.7869 1576.0000 8 M1153
772.4913 399.8000 2 M1197
752.9821 904.3000 1 M1183
729.2456 60.1000 1 M1214
1600.9154 147.6000 2 M1212
1384.7577 302.7000 6 M1208
1200.4216 605.9000 5 M1201
1380.7044 1586.5000 9 M1169
92.0256 18.3000 2 M1226
1144.3605 1782.3000 5 M1166
517.2893 2164.2000 2 M1155
522.2844 291.6000 1 M1221
923.0732 1058.5000 5 M1195
785.3674 278.5000 2 M1229
559.9889 1433.3000 1 M1194
825.4803 1038.6000 8 M1216
98.4912 3.5000 1 M1259
251.4940 19.4000 2 M1261
751.3472 193.4000 4 M1257
428.6837 36.6000 1 M1267
1782.7016 1041.9000 9 M1242
1507.6762 2137.3000 7 M1220
1044.8743 368.0000 7 M1289
237.7342 16.5000 1 M1308
1972.4163 2037.8000 13 M1252
504.1581 251.7000 3 M1347
933.7968 189.5000 3 M1351
960.6716 4636.9000 27 M1203
938.8864 839.7000 15 M1331
1334.1029 323.4000 7 M1354
146.6192 14.2000 1 M1366
2274.0044 243.7000 5 M1368
393.2069 346.5000 8 M1376
841.4310 1098.8000 26 M1371
1751.3847 992.8000 14 M1375
634.0530 120.2000 1 M1416
1606.8997 498.6000 6 M1410
2890.8206 1076.1000 10 M1399
265.2877 16.5000 2 M1436
1500.7493 977.1000 9 M1404
1911.3588 1423.5000 20 M1392
1023.5852 -1.0000 -1 M80
1433.7342 -1.0000 -1 M82
490.0113 -1.0000 -1 M81
1535.5111 -1.0000 -1 M84
1598.5827 -1.0000 -1 M86
918.9644 -1.0000 -1 M85
283.7200 -1.0000 -1 M88
1622.5461 -1.0000 -1 M87
1988.4632 -1.0000 -1 M89
2169.7040 -1.0000 -1 M91
1960.5839 -1.0000 -1 M90
1187.8781 -1.0000 -1 M93
570.2549 -1.0000 -1 M94
1130.1855 -1.0000 -1 M96
1733.0957 -1.0000 -1 M99
1797.6864 -1.0000 -1 M98
1291.1582 -1.0000 -1 M811
1925.7046 -1.0000 -1 M810
1538.0807 -1.0000 -1 M815
561.7736 -1.0000 -1 M814
1142.4322 -1.0000 -1 M813
416.1008 -1.0000 -1 M812
1300.5506 -1.0000 -1 M819
854.8472 -1.0000 -1 M818
954.2239 -1.0000 -1 M817
1149.2359 -1.0000 -1 M816
1060.7845 -1.0000 -1 M800
437.6477 -1.0000 -1 M804
1471.2295 -1.0000 -1 M802
2066.1018 -1.0000 -1 M808
1083.0421 -1.0000 -1 M807
1251.7588 -1.0000 -1 M806
1420.4225 -1.0000 -1 M805
1813.5785 -1.0000 -1 M809
1048.5318 -1.0000 -1 M833
1675.1255 -1.0000 -1 M832
2208.6344 -1.0000 -1 M831
785.7394 -1.0000 -1 M830
939.9227 -1.0000 -1 M837
766.5636 -1.0000 -1 M835
1115.0623 -1.0000 -1 M834
2594.9981 -1.0000 -1 M839
1271.0525 -1.0000 -1 M838
482.9259 -1.0000 -1 M1305
1851.9602 -1.0000 -1 M1306
1940.0073 -1.0000 -1 M1307
1032.5320 -1.0000 -1 M1301
1356.6481 -1.0000 -1 M1302
2470.2184 -1.0000 -1 M1303
1054.6289 -1.0000 -1 M1304
1534.6082 -1.0000 -1 M822
2028.4800 -1.0000 -1 M1309
1353.3302 -1.0000 -1 M824
1328.9939 -1.0000 -1 M823
1667.3405 -1.0000 -1 M829
1431.0402 -1.0000 -1 M827
849.2855 -1.0000 -1 M1300
462.7762 -1.0000 -1 M851
1755.2167 -1.0000 -1 M850
1663.2426 -1.0000 -1 M855
2154.0936 -1.0000 -1 M612
1112.7809 -1.0000 -1 M853
833.6793 -1.0000 -1 M610
895.7405 -1.0000 -1 M852
754.6396 -1.0000 -1 M617
1737.3569 -1.0000 -1 M859
540.6871 -1.0000 -1 M616
2477.1526 -1.0000 -1 M858
1655.1048 -1.0000 -1 M615
1478.1150 -1.0000 -1 M857
906.0201 -1.0000 -1 M614
855.2878 -1.0000 -1 M856
2538.4751 -1.0000 -1 M619
1089.6809 -1.0000 -1 M618
417.5294 -1.0000 -1 M840
2190.6694 -1.0000 -1 M601
1230.7604 -1.0000 -1 M843
781.7154 -1.0000 -1 M600
1618.7506 -1.0000 -1 M842
465.4367 -1.0000 -1 M848
1839.5177 -1.0000 -1 M605
1798.5780 -1.0000 -1 M847
1066.1449 -1.0000 -1 M603
1207.6319 -1.0000 -1 M845
1434.1658 -1.0000 -1 M609
2598.2413 -1.0000 -1 M608
1248.8393 -1.0000 -1 M607
1639.4098 -1.0000 -1 M1338
943.6539 -1.0000 -1 M1339
698.7818 -1.0000 -1 M631
2885.5158 -1.0000 -1 M1334
1604.7091 -1.0000 -1 M630
1224.8595 -1.0000 -1 M872
1637.8178 -1.0000 -1 M1335
1252.9210 -1.0000 -1 M871
709.8307 -1.0000 -1 M1336
3365.7623 -1.0000 -1 M4
1457.8471 -1.0000 -1 M870
70.0964 -1.0000 -1 M1337
1374.7454 -1.0000 -1 M635
1813.6600 -1.0000 -1 M877
2409.7370 -1.0000 -1 M876
404.7838 -1.0000 -1 M875
1679.5609 -1.0000 -1 M874
850.4452 -1.0000 -1 M639
1660.6438 -1.0000 -1 M637
1850.5915 -1.0000 -1 M879
1131.0977 -1.0000 -1 M636
646.9098 -1.0000 -1 M878
370.0036 -1.0000 -1 M1330
153.4881 -1.0000 -1 M1332
1320.3380 -1.0000 -1 M1333
1625.4338 -1.0000 -1 M1107
1786.3769 -1.0000 -1 M1349
1803.0088 -1.0000 -1 M1108
1484.5674 -1.0000 -1 M1109
614.8975 -1.0000 -1 M862
1371.6470 -1.0000 -1 M1345
1265.6367 -1.0000 -1 M1104
1599.8686 -1.0000 -1 M1346
424.6190 -1.0000 -1 M860
757.3556 -1.0000 -1 M1105
2516.7850 -1.0000 -1 M1348
1363.2146 -1.0000 -1 M624
1832.8438 -1.0000 -1 M866
604.5570 -1.0000 -1 M865
438.9296 -1.0000 -1 M621
388.7576 -1.0000 -1 M863
1233.0295 -1.0000 -1 M869
1024.9101 -1.0000 -1 M626
867.0937 -1.0000 -1 M625
358.0476 -1.0000 -1 M867
1086.0946 -1.0000 -1 M629
573.6386 -1.0000 -1 M1341
1369.8304 -1.0000 -1 M1100
1607.1537 -1.0000 -1 M1342
1954.7004 -1.0000 -1 M1101
2388.9246 -1.0000 -1 M1343
697.3934 -1.0000 -1 M1102
2105.4674 -1.0000 -1 M1344
175.3960 -1.0000 -1 M1340
2300.0270 -1.0000 -1 M1316
303.0992 -1.0000 -1 M890
910.5983 -1.0000 -1 M1317
1257.1513 -1.0000 -1 M1318
720.1371 -1.0000 -1 M1319
2668.8817 -1.0000 -1 M411
434.1321 -1.0000 -1 M653
2134.4764 -1.0000 -1 M895
2739.8580 -1.0000 -1 M1312
1407.6079 -1.0000 -1 M410
1580.2053 -1.0000 -1 M652
1557.3730 -1.0000 -1 M894
2039.1016 -1.0000 -1 M1313
895.2934 -1.0000 -1 M893
1076.8787 -1.0000 -1 M1314
728.7453 -1.0000 -1 M892
587.1731 -1.0000 -1 M1315
2474.2701 -1.0000 -1 M415
1814.9648 -1.0000 -1 M657
426.2560 -1.0000 -1 M656
1431.1343 -1.0000 -1 M898
362.0373 -1.0000 -1 M413
776.9123 -1.0000 -1 M897
2003.1718 -1.0000 -1 M654
962.1889 -1.0000 -1 M896
1877.2124 -1.0000 -1 M418
1012.3704 -1.0000 -1 M417
2402.3585 -1.0000 -1 M416
510.8720 -1.0000 -1 M658
2391.8371 -1.0000 -1 M1310
354.8360 -1.0000 -1 M1311
1130.2478 -1.0000 -1 M1327
719.0080 -1.0000 -1 M1328
1196.7752 -1.0000 -1 M1329
688.5195 -1.0000 -1 M642
1247.3864 -1.0000 -1 M884
2412.1246 -1.0000 -1 M1323
489.7862 -1.0000 -1 M641
1595.3018 -1.0000 -1 M883
1701.7870 -1.0000 -1 M1324
684.0905 -1.0000 -1 M640
2355.3030 -1.0000 -1 M882
697.5260 -1.0000 -1 M1325
1945.4042 -1.0000 -1 M881
409.5037 -1.0000 -1 M1326
829.2337 -1.0000 -1 M404
1537.6506 -1.0000 -1 M888
1806.3510 -1.0000 -1 M403
1061.3836 -1.0000 -1 M645
610.1116 -1.0000 -1 M402
2059.4899 -1.0000 -1 M644
2222.1106 -1.0000 -1 M886
1025.3710 -1.0000 -1 M401
1251.6240 -1.0000 -1 M408
1629.1248 -1.0000 -1 M407
716.0851 -1.0000 -1 M649
1486.2985 -1.0000 -1 M648
709.7644 -1.0000 -1 M405
801.6249 -1.0000 -1 M647
2179.2309 -1.0000 -1 M889
1108.0083 -1.0000 -1 M409
1372.2301 -1.0000 -1 M1320
546.1627 -1.0000 -1 M1321
727.4099 -1.0000 -1 M1322
558.8061 -1.0000 -1 M671
1947.3047 -1.0000 -1 M670
2274.1873 -1.0000 -1 M433
1423.1649 -1.0000 -1 M1136
2331.6787 -1.0000 -1 M1378
1732.9978 -1.0000 -1 M432
1941.0427 -1.0000 -1 M674
1983.8041 -1.0000 -1 M1137
882.0627 -1.0000 -1 M1379
1523.9372 -1.0000 -1 M673
2449.4892 -1.0000 -1 M1138
756.0234 -1.0000 -1 M672
1512.1555 -1.0000 -1 M1139
1971.9974 -1.0000 -1 M436
985.6803 -1.0000 -1 M678
905.0842 -1.0000 -1 M435
583.7535 -1.0000 -1 M677
1468.9159 -1.0000 -1 M676
1486.5426 -1.0000 -1 M439
2487.3020 -1.0000 -1 M438
937.8871 -1.0000 -1 M1132
2513.9314 -1.0000 -1 M1374
1379.1331 -1.0000 -1 M1133
724.8910 -1.0000 -1 M1135
1678.6269 -1.0000 -1 M1377
1501.7199 -1.0000 -1 M1370
1225.3218 -1.0000 -1 M1130
1562.4546 -1.0000 -1 M1372
1266.1689 -1.0000 -1 M1131
1325.2136 -1.0000 -1 M1373
839.6972 -1.0000 -1 M660
801.1336 -1.0000 -1 M422
418.6445 -1.0000 -1 M664
912.7697 -1.0000 -1 M1147
1369.0077 -1.0000 -1 M1389
280.9722 -1.0000 -1 M663
847.1506 -1.0000 -1 M1148
991.5247 -1.0000 -1 M420
797.7391 -1.0000 -1 M1149
180.2124 -1.0000 -1 M661
1489.6904 -1.0000 -1 M668
1557.2349 -1.0000 -1 M667
1165.3358 -1.0000 -1 M424
2351.5472 -1.0000 -1 M423
502.5110 -1.0000 -1 M665
2242.8938 -1.0000 -1 M429
392.9001 -1.0000 -1 M427
2399.8689 -1.0000 -1 M669
2193.4433 -1.0000 -1 M1380
699.6367 -1.0000 -1 M1385
1047.6809 -1.0000 -1 M1144
1899.4837 -1.0000 -1 M1386
1286.1814 -1.0000 -1 M1145
561.5236 -1.0000 -1 M1387
1682.1538 -1.0000 -1 M1146
715.9213 -1.0000 -1 M1388
906.0530 -1.0000 -1 M1381
1777.8469 -1.0000 -1 M1140
2673.6615 -1.0000 -1 M1382
916.1308 -1.0000 -1 M1383
1415.7716 -1.0000 -1 M1142
1822.5378 -1.0000 -1 M1384
403.5941 -1.0000 -1 M693
1774.0088 -1.0000 -1 M450
1964.6971 -1.0000 -1 M691
1549.2599 -1.0000 -1 M697
990.9113 -1.0000 -1 M1114
852.6985 -1.0000 -1 M1356
567.1935 -1.0000 -1 M212
1295.3079 -1.0000 -1 M454
2462.8654 -1.0000 -1 M696
2234.2395 -1.0000 -1 M1357
1341.8698 -1.0000 -1 M695
2074.7778 -1.0000 -1 M1116
2350.2164 -1.0000 -1 M1358
1820.4389 -1.0000 -1 M210
3358.3522 -1.0000 -1 M694
1248.8424 -1.0000 -1 M1117
1757.2903 -1.0000 -1 M1359
1574.9127 -1.0000 -1 M217
461.7650 -1.0000 -1 M459
2285.6341 -1.0000 -1 M216
1139.6490 -1.0000 -1 M458
1368.8523 -1.0000 -1 M215
2247.8111 -1.0000 -1 M457
86.3280 -1.0000 -1 M699
2774.1015 -1.0000 -1 M214
1128.9117 -1.0000 -1 M456
1162.8096 -1.0000 -1 M698
1513.6116 -1.0000 -1 M219
1528.9088 -1.0000 -1 M1110
598.2070 -1.0000 -1 M1352
1694.8579 -1.0000 -1 M1111
1251.6891 -1.0000 -1 M1353
227.1557 -1.0000 -1 M1112
1488.5168 -1.0000 -1 M1113
1524.7654 -1.0000 -1 M1355
828.4897 -1.0000 -1 M1350
1217.0782 -1.0000 -1 M440
1651.3158 -1.0000 -1 M682
1141.0249 -1.0000 -1 M1129
669.6449 -1.0000 -1 M681
918.9958 -1.0000 -1 M680
1162.1615 -1.0000 -1 M686
981.6329 -1.0000 -1 M1125
1560.9027 -1.0000 -1 M1367
1032.0409 -1.0000 -1 M201
1261.1621 -1.0000 -1 M685
1695.9690 -1.0000 -1 M1126
1060.3525 -1.0000 -1 M200
2011.6460 -1.0000 -1 M442
1612.1741 -1.0000 -1 M1127
1436.7798 -1.0000 -1 M1369
505.9258 -1.0000 -1 M441
1180.0652 -1.0000 -1 M683
1926.1922 -1.0000 -1 M1128
975.8892 -1.0000 -1 M448
706.1770 -1.0000 -1 M205
509.1534 -1.0000 -1 M447
1212.4059 -1.0000 -1 M689
2277.6215 -1.0000 -1 M204
1419.9234 -1.0000 -1 M688
2956.8047 -1.0000 -1 M445
1502.8465 -1.0000 -1 M687
1478.9725 -1.0000 -1 M208
1501.8981 -1.0000 -1 M207
1163.3302 -1.0000 -1 M449
1490.7002 -1.0000 -1 M1121
538.5254 -1.0000 -1 M1363
1074.7037 -1.0000 -1 M1122
1319.1295 -1.0000 -1 M1364
909.9656 -1.0000 -1 M1123
970.6187 -1.0000 -1 M1365
1964.0205 -1.0000 -1 M1124
1030.4519 -1.0000 -1 M1360
943.3285 -1.0000 -1 M1361
437.7567 -1.0000 -1 M1362
802.7904 -1.0000 -1 M473
1850.3207 -1.0000 -1 M230
1283.3278 -1.0000 -1 M472
1834.9135 -1.0000 -1 M471
1184.4757 -1.0000 -1 M470
1076.0396 -1.0000 -1 M235
1737.4951 -1.0000 -1 M477
792.8319 -1.0000 -1 M234
1208.5003 -1.0000 -1 M476
760.0440 -1.0000 -1 M475
572.1381 -1.0000 -1 M232
1049.0076 -1.0000 -1 M474
768.2235 -1.0000 -1 M239
1884.9964 -1.0000 -1 M238
1608.2969 -1.0000 -1 M479
1081.2903 -1.0000 -1 M1171
1914.3217 -1.0000 -1 M1177
1079.7919 -1.0000 -1 M1178
932.3472 -1.0000 -1 M1179
2340.4704 -1.0000 -1 M1172
1790.3646 -1.0000 -1 M1173
897.2688 -1.0000 -1 M1174
2023.3723 -1.0000 -1 M1175
506.0958 -1.0000 -1 M462
130.4723 -1.0000 -1 M461
2227.4117 -1.0000 -1 M460
2904.0829 -1.0000 -1 M224
286.4598 -1.0000 -1 M466
1489.0803 -1.0000 -1 M223
1916.7752 -1.0000 -1 M222
1531.4088 -1.0000 -1 M464
80.5171 -1.0000 -1 M221
1708.9880 -1.0000 -1 M463
1229.5266 -1.0000 -1 M228
3517.7114 -1.0000 -1 M469
1969.5394 -1.0000 -1 M226
1474.8134 -1.0000 -1 M468
775.7966 -1.0000 -1 M225
1903.3742 -1.0000 -1 M467
922.4377 -1.0000 -1 M229
1868.3169 -1.0000 -1 M1180
1214.7967 -1.0000 -1 M1181
2418.8291 -1.0000 -1 M1182
479.3497 -1.0000 -1 M1187
2046.0317 -1.0000 -1 M1189
3149.7243 -1.0000 -1 M1184
1983.9354 -1.0000 -1 M1185
1130.1285 -1.0000 -1 M1186
2333.1450 -1.0000 -1 M495
1686.5695 -1.0000 -1 M252
949.9404 -1.0000 -1 M251
2028.7141 -1.0000 -1 M493
909.4136 -1.0000 -1 M250
1584.4968 -1.0000 -1 M492
819.7899 -1.0000 -1 M257
1228.5131 -1.0000 -1 M499
1672.3498 -1.0000 -1 M1158
1110.8134 -1.0000 -1 M498
1825.8072 -1.0000 -1 M255
990.2856 -1.0000 -1 M497
3014.6518 -1.0000 -1 M254
1620.9044 -1.0000 -1 M496
1963.5555 -1.0000 -1 M259
1038.8796 -1.0000 -1 M258
1151.0038 -1.0000 -1 M1390
886.0930 -1.0000 -1 M1391
841.2778 -1.0000 -1 M1154
1232.0989 -1.0000 -1 M1396
952.2731 -1.0000 -1 M1397
538.2274 -1.0000 -1 M1156
1661.4850 -1.0000 -1 M1398
400.9419 -1.0000 -1 M1157
2280.2412 -1.0000 -1 M260
2164.2057 -1.0000 -1 M1150
1292.6340 -1.0000 -1 M1151
1175.6715 -1.0000 -1 M1393
1727.6703 -1.0000 -1 M1394
30.4496 -1.0000 -1 M1395
1004.0476 -1.0000 -1 M242
1650.1977 -1.0000 -1 M484
1022.4000 -1.0000 -1 M241
1595.5933 -1.0000 -1 M483
1023.4100 -1.0000 -1 M482
1742.1639 -1.0000 -1 M246
1121.4575 -1.0000 -1 M245
748.0028 -1.0000 -1 M487
1134.7936 -1.0000 -1 M244
2251.1002 -1.0000 -1 M485
264.4538 -1.0000 -1 M249
1193.3468 -1.0000 -1 M248
2153.6209 -1.0000 -1 M247
1113.1497 -1.0000 -1 M489
3025.9659 -1.0000 -1 M1160
469.9241 -1.0000 -1 M1165
1014.8384 -1.0000 -1 M1167
356.0710 -1.0000 -1 M491
1522.5855 -1.0000 -1 M1161
867.8153 -1.0000 -1 M1162
1973.7160 -1.0000 -1 M1163
1399.3926 -1.0000 -1 M1164
552.5471 -1.0000 -1 M275
516.9453 -1.0000 -1 M274
1825.7029 -1.0000 -1 M273
1748.3690 -1.0000 -1 M272
845.4287 -1.0000 -1 M279
1151.8051 -1.0000 -1 M278
1070.2469 -1.0000 -1 M277
1851.7657 -1.0000 -1 M276
1013.3766 -1.0000 -1 M282
1851.9476 -1.0000 -1 M281
1093.6575 -1.0000 -1 M280
2472.9588 -1.0000 -1 M264
727.8561 -1.0000 -1 M262
516.0683 -1.0000 -1 M261
1499.5820 -1.0000 -1 M268
1351.7189 -1.0000 -1 M265
1785.6180 -1.0000 -1 M269
2838.5655 -1.0000 -1 M271
1399.6576 -1.0000 -1 M297
582.8192 -1.0000 -1 M296
192.9147 -1.0000 -1 M294
1402.5960 -1.0000 -1 M299
769.3625 -1.0000 -1 M298
1275.9861 -1.0000 -1 M1190
1520.9841 -1.0000 -1 M1191
535.4905 -1.0000 -1 M1192
1016.1361 -1.0000 -1 M1193
1287.4765 -1.0000 -1 M1198
1546.5550 -1.0000 -1 M1199
970.7890 -1.0000 -1 M1196
975.0467 -1.0000 -1 M286
2543.3123 -1.0000 -1 M284
1794.4407 -1.0000 -1 M283
627.5668 -1.0000 -1 M289
2364.2365 -1.0000 -1 M287
1399.3192 -1.0000 -1 M293
2252.5694 -1.0000 -1 M290
1325.5685 -1.0000 -1 M910
434.2003 -1.0000 -1 M913
1233.0419 -1.0000 -1 M912
1006.5138 -1.0000 -1 M911
2635.3821 -1.0000 -1 M918
1143.6808 -1.0000 -1 M917
681.8905 -1.0000 -1 M915
1088.1558 -1.0000 -1 M919
508.3313 -1.0000 -1 M902
1635.3270 -1.0000 -1 M901
1164.0609 -1.0000 -1 M900
1001.8569 -1.0000 -1 M907
921.7357 -1.0000 -1 M906
1568.2504 -1.0000 -1 M904
2228.9755 -1.0000 -1 M909
2200.4994 -1.0000 -1 M908
798.0551 -1.0000 -1 M935
608.2629 -1.0000 -1 M934
301.5040 -1.0000 -1 M933
2069.7601 -1.0000 -1 M938
947.7258 -1.0000 -1 M937
2495.3581 -1.0000 -1 M921
1353.3118 -1.0000 -1 M920
1495.6947 -1.0000 -1 M922
1407.1921 -1.0000 -1 M929
188.8963 -1.0000 -1 M927
1155.1132 -1.0000 -1 M1415
2305.9100 -1.0000 -1 M1417
212.8309 -1.0000 -1 M1418
469.7331 -1.0000 -1 M950
1705.6219 -1.0000 -1 M1411
735.3829 -1.0000 -1 M1412
1090.3317 -1.0000 -1 M1413
1041.5228 -1.0000 -1 M1414
2294.1458 -1.0000 -1 M712
1872.6343 -1.0000 -1 M711
1323.4009 -1.0000 -1 M710
707.3642 -1.0000 -1 M952
2873.3131 -1.0000 -1 M951
1175.2870 -1.0000 -1 M716
1067.2341 -1.0000 -1 M1419
1351.5050 -1.0000 -1 M715
1429.2762 -1.0000 -1 M714
485.0610 -1.0000 -1 M713
2071.2226 -1.0000 -1 M718
1733.7864 -1.0000 -1 M959
1223.8980 -1.0000 -1 M1426
2029.3372 -1.0000 -1 M1427
777.1539 -1.0000 -1 M1428
1028.2632 -1.0000 -1 M1429
2583.9623 -1.0000 -1 M1422
897.3203 -1.0000 -1 M1423
2904.0129 -1.0000 -1 M1424
870.8742 -1.0000 -1 M1425
1149.9577 -1.0000 -1 M701
1399.0723 -1.0000 -1 M943
692.5886 -1.0000 -1 M700
2127.1033 -1.0000 -1 M942
2941.6377 -1.0000 -1 M941
1831.4244 -1.0000 -1 M940
859.4787 -1.0000 -1 M704
2315.4259 -1.0000 -1 M703
394.3204 -1.0000 -1 M945
546.7648 -1.0000 -1 M944
859.0326 -1.0000 -1 M707
1321.3469 -1.0000 -1 M949
770.1320 -1.0000 -1 M948
2423.3960 -1.0000 -1 M1420
887.4879 -1.0000 -1 M1421
672.5135 -1.0000 -1 M730
1595.2863 -1.0000 -1 M971
1078.4144 -1.0000 -1 M970
1472.1776 -1.0000 -1 M734
507.5441 -1.0000 -1 M976
2159.0736 -1.0000 -1 M733
3367.4028 -1.0000 -1 M975
1766.7746 -1.0000 -1 M732
1830.0752 -1.0000 -1 M974
1242.1942 -1.0000 -1 M731
1454.7776 -1.0000 -1 M973
1771.8661 -1.0000 -1 M737
436.4540 -1.0000 -1 M979
1737.9024 -1.0000 -1 M735
1846.4423 -1.0000 -1 M977
1762.9685 -1.0000 -1 M1405
1188.5274 -1.0000 -1 M1406
1168.6554 -1.0000 -1 M1407
2458.9283 -1.0000 -1 M1400
1631.4104 -1.0000 -1 M1401
1296.4392 -1.0000 -1 M1402
1372.9095 -1.0000 -1 M1403
1310.3216 -1.0000 -1 M723
1879.3162 -1.0000 -1 M965
744.2845 -1.0000 -1 M722
1889.8730 -1.0000 -1 M721
377.5953 -1.0000 -1 M963
1244.4475 -1.0000 -1 M727
2855.0599 -1.0000 -1 M1408
998.0238 -1.0000 -1 M1409
1070.2916 -1.0000 -1 M725
685.7272 -1.0000 -1 M967
478.8067 -1.0000 -1 M724
1349.2720 -1.0000 -1 M966
903.3255 -1.0000 -1 M729
1237.0633 -1.0000 -1 M728
1303.7940 -1.0000 -1 M990
1356.5933 -1.0000 -1 M1217
548.0582 -1.0000 -1 M1459
262.6372 -1.0000 -1 M1218
1256.0207 -1.0000 -1 M1219
988.2378 -1.0000 -1 M510
1804.8595 -1.0000 -1 M752
1491.0297 -1.0000 -1 M994
482.2748 -1.0000 -1 M1213
1037.9951 -1.0000 -1 M1455
1452.8910 -1.0000 -1 M993
1641.8116 -1.0000 -1 M1456
730.7995 -1.0000 -1 M750
789.9708 -1.0000 -1 M992
223.8223 -1.0000 -1 M1215
945.9652 -1.0000 -1 M1457
644.4797 -1.0000 -1 M991
1371.8465 -1.0000 -1 M1458
998.0826 -1.0000 -1 M514
2633.3845 -1.0000 -1 M756
1109.2052 -1.0000 -1 M998
1032.4267 -1.0000 -1 M513
278.8663 -1.0000 -1 M512
645.6067 -1.0000 -1 M754
1051.4924 -1.0000 -1 M996
3243.3102 -1.0000 -1 M511
622.6679 -1.0000 -1 M753
1616.9133 -1.0000 -1 M995
1503.9142 -1.0000 -1 M518
2275.6810 -1.0000 -1 M517
1260.9830 -1.0000 -1 M759
390.3329 -1.0000 -1 M515
2523.8916 -1.0000 -1 M757
459.0538 -1.0000 -1 M999
1910.2705 -1.0000 -1 M519
548.5128 -1.0000 -1 M1451
1149.8638 -1.0000 -1 M1210
1187.0658 -1.0000 -1 M1452
861.5415 -1.0000 -1 M1211
1673.4644 -1.0000 -1 M1453
2504.9950 -1.0000 -1 M1454
1101.8716 -1.0000 -1 M1450
840.1481 -1.0000 -1 M1228
801.3587 -1.0000 -1 M741
1765.1089 -1.0000 -1 M983
321.0450 -1.0000 -1 M1224
963.6024 -1.0000 -1 M740
1013.5206 -1.0000 -1 M982
1302.9641 -1.0000 -1 M1225
1645.3874 -1.0000 -1 M981
1109.6775 -1.0000 -1 M980
1175.6264 -1.0000 -1 M1227
565.6055 -1.0000 -1 M745
805.4896 -1.0000 -1 M987
1840.5251 -1.0000 -1 M502
1917.9543 -1.0000 -1 M744
1023.3643 -1.0000 -1 M986
1202.2930 -1.0000 -1 M743
1044.5838 -1.0000 -1 M985
919.2548 -1.0000 -1 M742
885.6541 -1.0000 -1 M984
805.6749 -1.0000 -1 M507
1619.9117 -1.0000 -1 M749
1039.2025 -1.0000 -1 M506
887.2187 -1.0000 -1 M748
641.1081 -1.0000 -1 M505
1680.6546 -1.0000 -1 M747
2030.2836 -1.0000 -1 M988
2258.5461 -1.0000 -1 M508
1369.7681 -1.0000 -1 M1222
1716.0976 -1.0000 -1 M1223
1679.8296 -1.0000 -1 M1460
2522.2631 -1.0000 -1 M1461
1208.8403 -1.0000 -1 M770
1396.7948 -1.0000 -1 M1437
585.6109 -1.0000 -1 M1438
908.9426 -1.0000 -1 M1439
1810.9686 -1.0000 -1 M774
1176.6406 -1.0000 -1 M1433
1596.6569 -1.0000 -1 M531
1297.9173 -1.0000 -1 M1434
1058.0812 -1.0000 -1 M530
1743.3584 -1.0000 -1 M1435
1332.6668 -1.0000 -1 M771
2463.7391 -1.0000 -1 M536
1139.5284 -1.0000 -1 M778
1846.3403 -1.0000 -1 M535
952.6772 -1.0000 -1 M777
3438.5831 -1.0000 -1 M534
2139.7338 -1.0000 -1 M776
830.1635 -1.0000 -1 M533
1677.7224 -1.0000 -1 M775
2006.8616 -1.0000 -1 M538
2422.2202 -1.0000 -1 M537
1050.3825 -1.0000 -1 M1430
867.3020 -1.0000 -1 M1431
2310.2858 -1.0000 -1 M1432
705.6450 -1.0000 -1 M1206
1115.2877 -1.0000 -1 M1448
2003.4718 -1.0000 -1 M1207
1204.8920 -1.0000 -1 M1449
1266.2560 -1.0000 -1 M1209
597.8292 -1.0000 -1 M521
967.6464 -1.0000 -1 M1202
2161.9216 -1.0000 -1 M1444
489.7555 -1.0000 -1 M520
447.0160 -1.0000 -1 M762
472.5942 -1.0000 -1 M1445
1400.2376 -1.0000 -1 M761
292.4967 -1.0000 -1 M1204
1709.7877 -1.0000 -1 M1446
229.0731 -1.0000 -1 M760
508.2394 -1.0000 -1 M1205
712.7049 -1.0000 -1 M1447
767.7962 -1.0000 -1 M525
888.3575 -1.0000 -1 M767
2443.5286 -1.0000 -1 M523
604.3218 -1.0000 -1 M765
2663.6563 -1.0000 -1 M522
1385.7770 -1.0000 -1 M764
1372.4642 -1.0000 -1 M529
941.3587 -1.0000 -1 M527
883.1610 -1.0000 -1 M769
2497.7480 -1.0000 -1 M526
1596.0384 -1.0000 -1 M768
1814.2019 -1.0000 -1 M1440
1600.8222 -1.0000 -1 M1441
884.9894 -1.0000 -1 M1442
509.8467 -1.0000 -1 M1443
1166.7566 -1.0000 -1 M550
1210.4779 -1.0000 -1 M792
844.7711 -1.0000 -1 M1019
1855.4880 -1.0000 -1 M791
720.8154 -1.0000 -1 M790
1651.3745 -1.0000 -1 M312
1441.8176 -1.0000 -1 M1015
3360.1481 -1.0000 -1 M311
646.2784 -1.0000 -1 M553
2632.9586 -1.0000 -1 M795
105.0550 -1.0000 -1 M1016
1840.3253 -1.0000 -1 M1258
1333.2641 -1.0000 -1 M310
1774.2253 -1.0000 -1 M552
1117.9659 -1.0000 -1 M794
1755.4086 -1.0000 -1 M551
1065.9664 -1.0000 -1 M1018
1606.2748 -1.0000 -1 M316
1667.4445 -1.0000 -1 M558
671.9814 -1.0000 -1 M315
908.3353 -1.0000 -1 M799
679.7057 -1.0000 -1 M314
1543.5361 -1.0000 -1 M556
1283.8905 -1.0000 -1 M798
948.7900 -1.0000 -1 M313
579.5606 -1.0000 -1 M797
284.5399 -1.0000 -1 M318
2944.5315 -1.0000 -1 M317
303.4324 -1.0000 -1 M559
403.7151 -1.0000 -1 M1011
846.4482 -1.0000 -1 M1253
1139.4061 -1.0000 -1 M1012
2030.3817 -1.0000 -1 M1254
1078.1762 -1.0000 -1 M1013
1612.3819 -1.0000 -1 M1255
458.1673 -1.0000 -1 M1014
528.9193 -1.0000 -1 M1256
755.6325 -1.0000 -1 M1250
1197.0946 -1.0000 -1 M1251
485.8360 -1.0000 -1 M1010
1859.7285 -1.0000 -1 M781
1132.1111 -1.0000 -1 M780
1845.6510 -1.0000 -1 M543
2180.1920 -1.0000 -1 M1026
2664.5185 -1.0000 -1 M1268
2057.8140 -1.0000 -1 M300
972.1332 -1.0000 -1 M542
1685.5310 -1.0000 -1 M784
1719.1175 -1.0000 -1 M1027
932.6292 -1.0000 -1 M1269
1472.5677 -1.0000 -1 M783
764.9605 -1.0000 -1 M540
263.7019 -1.0000 -1 M782
1333.5386 -1.0000 -1 M1029
1007.9217 -1.0000 -1 M305
1538.6526 -1.0000 -1 M547
923.5357 -1.0000 -1 M789
2699.7420 -1.0000 -1 M546
1381.0476 -1.0000 -1 M788
714.3587 -1.0000 -1 M303
929.5914 -1.0000 -1 M302
1415.0180 -1.0000 -1 M544
949.7472 -1.0000 -1 M786
780.0302 -1.0000 -1 M309
816.8687 -1.0000 -1 M308
1746.0707 -1.0000 -1 M307
1873.5900 -1.0000 -1 M548
297.7824 -1.0000 -1 M1022
2293.0212 -1.0000 -1 M1264
1620.9930 -1.0000 -1 M1265
1365.6439 -1.0000 -1 M1024
1025.1545 -1.0000 -1 M1266
1507.6245 -1.0000 -1 M1260
718.6121 -1.0000 -1 M1020
817.9263 -1.0000 -1 M1262
1544.4505 -1.0000 -1 M1021
2545.4361 -1.0000 -1 M1263
1376.0128 -1.0000 -1 M330
2628.5985 -1.0000 -1 M572
2565.4850 -1.0000 -1 M1239
910.7886 -1.0000 -1 M334
1173.5442 -1.0000 -1 M576
2289.9405 -1.0000 -1 M1235
1618.1241 -1.0000 -1 M333
1358.2163 -1.0000 -1 M575
1436.5993 -1.0000 -1 M1236
433.9965 -1.0000 -1 M332
586.9366 -1.0000 -1 M574
271.9327 -1.0000 -1 M1237
934.7811 -1.0000 -1 M331
826.0084 -1.0000 -1 M573
1473.0794 -1.0000 -1 M1238
1876.8854 -1.0000 -1 M338
1678.3221 -1.0000 -1 M336
1060.2313 -1.0000 -1 M578
1799.3446 -1.0000 -1 M335
1573.4798 -1.0000 -1 M339
1215.4676 -1.0000 -1 M1231
1208.6092 -1.0000 -1 M1232
529.9683 -1.0000 -1 M1233
2022.7754 -1.0000 -1 M1234
1205.8134 -1.0000 -1 M1230
1180.3199 -1.0000 -1 M561
2299.2427 -1.0000 -1 M1008
759.0969 -1.0000 -1 M560
966.6811 -1.0000 -1 M323
357.9895 -1.0000 -1 M565
1898.0138 -1.0000 -1 M1246
602.9453 -1.0000 -1 M322
1608.7624 -1.0000 -1 M564
875.7925 -1.0000 -1 M1005
1888.3090 -1.0000 -1 M1247
574.3935 -1.0000 -1 M321
1934.8750 -1.0000 -1 M563
959.2605 -1.0000 -1 M1006
567.1081 -1.0000 -1 M1248
2175.5187 -1.0000 -1 M320
1142.7717 -1.0000 -1 M1007
1584.5263 -1.0000 -1 M1249
1182.3952 -1.0000 -1 M569
1257.6417 -1.0000 -1 M326
1890.8620 -1.0000 -1 M325
1113.7715 -1.0000 -1 M567
1688.4975 -1.0000 -1 M324
2311.9654 -1.0000 -1 M329
915.6583 -1.0000 -1 M328
2124.9511 -1.0000 -1 M1001
765.3909 -1.0000 -1 M1243
1162.9239 -1.0000 -1 M1002
1841.2527 -1.0000 -1 M1244
1438.8282 -1.0000 -1 M1003
3023.7915 -1.0000 -1 M1245
1494.5629 -1.0000 -1 M1240
1271.5460 -1.0000 -1 M1241
1437.1474 -1.0000 -1 M352
1164.8586 -1.0000 -1 M594
509.2846 -1.0000 -1 M351
1293.1052 -1.0000 -1 M593
1968.8649 -1.0000 -1 M350
1343.0959 -1.0000 -1 M592
511.1808 -1.0000 -1 M591
1095.7491 -1.0000 -1 M114
1424.9625 -1.0000 -1 M356
800.9892 -1.0000 -1 M598
1399.4449 -1.0000 -1 M1059
295.8913 -1.0000 -1 M355
1393.0836 -1.0000 -1 M597
1883.9101 -1.0000 -1 M112
1073.0034 -1.0000 -1 M596
1222.2389 -1.0000 -1 M111
2117.8556 -1.0000 -1 M118
1776.7005 -1.0000 -1 M117
3180.8524 -1.0000 -1 M359
314.1809 -1.0000 -1 M358
1081.9550 -1.0000 -1 M115
1273.7630 -1.0000 -1 M357
1571.4193 -1.0000 -1 M599
960.0209 -1.0000 -1 M119
1941.5914 -1.0000 -1 M1290
523.1726 -1.0000 -1 M1291
2806.5787 -1.0000 -1 M1050
1069.0126 -1.0000 -1 M1292
408.2184 -1.0000 -1 M1297
1216.0356 -1.0000 -1 M1298
537.2679 -1.0000 -1 M1299
983.3044 -1.0000 -1 M1058
2280.0411 -1.0000 -1 M1293
1363.7532 -1.0000 -1 M1052
524.3568 -1.0000 -1 M1294
1615.2303 -1.0000 -1 M1053
854.0499 -1.0000 -1 M1295
2062.5084 -1.0000 -1 M1054
1778.1236 -1.0000 -1 M1296
1716.3690 -1.0000 -1 M341
2208.4559 -1.0000 -1 M583
1108.4628 -1.0000 -1 M340
1397.5162 -1.0000 -1 M582
1115.1843 -1.0000 -1 M581
1272.9808 -1.0000 -1 M580
2607.6257 -1.0000 -1 M103
2446.1333 -1.0000 -1 M345
1754.4825 -1.0000 -1 M587
3885.4859 -1.0000 -1 M102
1256.8352 -1.0000 -1 M101
1473.1823 -1.0000 -1 M343
1647.7581 -1.0000 -1 M585
1491.5037 -1.0000 -1 M100
1073.4851 -1.0000 -1 M584
1625.7267 -1.0000 -1 M107
697.6423 -1.0000 -1 M349
1629.8369 -1.0000 -1 M106
1801.5105 -1.0000 -1 M348
544.5924 -1.0000 -1 M105
781.4875 -1.0000 -1 M347
770.3708 -1.0000 -1 M104
1460.4736 -1.0000 -1 M346
590.2750 -1.0000 -1 M588
2537.7246 -1.0000 -1 M108
829.5552 -1.0000 -1 M1060
583.5681 -1.0000 -1 M1061
2740.7583 -1.0000 -1 M1066
1560.4235 -1.0000 -1 M1067
1034.6388 -1.0000 -1 M1068
2601.8411 -1.0000 -1 M1069
1791.7997 -1.0000 -1 M590
1408.0915 -1.0000 -1 M1062
1104.6003 -1.0000 -1 M132
1471.8109 -1.0000 -1 M374
859.8495 -1.0000 -1 M131
150.6533 -1.0000 -1 M373
1850.6302 -1.0000 -1 M130
2247.8341 -1.0000 -1 M372
837.0981 -1.0000 -1 M371
3572.0267 -1.0000 -1 M136
2274.4396 -1.0000 -1 M378
1415.5958 -1.0000 -1 M1037
296.9935 -1.0000 -1 M1279
1102.8546 -1.0000 -1 M377
2665.1735 -1.0000 -1 M1038
864.2712 -1.0000 -1 M134
1203.6728 -1.0000 -1 M376
1859.0435 -1.0000 -1 M133
893.3623 -1.0000 -1 M375
1269.6941 -1.0000 -1 M139
760.0876 -1.0000 -1 M379
1378.0099 -1.0000 -1 M1270
2225.1587 -1.0000 -1 M1033
1889.2937 -1.0000 -1 M1275
2186.8035 -1.0000 -1 M1034
1050.4076 -1.0000 -1 M1276
333.8409 -1.0000 -1 M1035
1100.9129 -1.0000 -1 M1277
1324.9962 -1.0000 -1 M1036
1944.7574 -1.0000 -1 M1278
629.5415 -1.0000 -1 M381
1263.2309 -1.0000 -1 M1271
1847.5572 -1.0000 -1 M1030
1767.1459 -1.0000 -1 M1272
841.8687 -1.0000 -1 M1031
1698.6418 -1.0000 -1 M1273
1915.9994 -1.0000 -1 M1032
440.7959 -1.0000 -1 M1274
278.8023 -1.0000 -1 M121
1022.6910 -1.0000 -1 M363
1269.4797 -1.0000 -1 M120
1866.8076 -1.0000 -1 M362
227.8620 -1.0000 -1 M361
2369.9974 -1.0000 -1 M367
1465.7370 -1.0000 -1 M1048
1303.0122 -1.0000 -1 M124
1420.8796 -1.0000 -1 M366
265.0365 -1.0000 -1 M1049
2750.5111 -1.0000 -1 M123
2187.1042 -1.0000 -1 M364
1284.6152 -1.0000 -1 M129
1286.2624 -1.0000 -1 M369
2612.5930 -1.0000 -1 M368
1655.0768 -1.0000 -1 M1280
2213.2083 -1.0000 -1 M1281
1546.8639 -1.0000 -1 M1044
674.5262 -1.0000 -1 M1286
1423.3216 -1.0000 -1 M1045
1321.6938 -1.0000 -1 M1287
450.3569 -1.0000 -1 M1046
1702.9747 -1.0000 -1 M1288
2196.6229 -1.0000 -1 M1040
1554.4235 -1.0000 -1 M1282
1179.1230 -1.0000 -1 M1283
1227.3516 -1.0000 -1 M1284
1130.7413 -1.0000 -1 M1285
1693.7282 -1.0000 -1 M154
2346.5225 -1.0000 -1 M396
844.2630 -1.0000 -1 M153
2065.3136 -1.0000 -1 M152
1485.8389 -1.0000 -1 M394
959.9992 -1.0000 -1 M151
1987.1700 -1.0000 -1 M393
1639.9872 -1.0000 -1 M158
1386.8016 -1.0000 -1 M399
1129.4441 -1.0000 -1 M156
630.7132 -1.0000 -1 M398
1395.3637 -1.0000 -1 M155
897.5777 -1.0000 -1 M397
1227.0437 -1.0000 -1 M159
1539.7425 -1.0000 -1 M1091
1299.0518 -1.0000 -1 M1092
1244.6698 -1.0000 -1 M1094
2643.3282 -1.0000 -1 M1090
373.5363 -1.0000 -1 M1099
411.9342 -1.0000 -1 M161
1768.9683 -1.0000 -1 M160
2290.5236 -1.0000 -1 M1098
511.7547 -1.0000 -1 M385
1879.3419 -1.0000 -1 M384
1505.1439 -1.0000 -1 M383
1059.1737 -1.0000 -1 M140
1274.7711 -1.0000 -1 M147
323.4176 -1.0000 -1 M389
1243.9016 -1.0000 -1 M146
2921.2816 -1.0000 -1 M145
998.4957 -1.0000 -1 M387
1186.6612 -1.0000 -1 M144
1607.3232 -1.0000 -1 M386
1201.7944 -1.0000 -1 M149
1902.3634 -1.0000 -1 M13
1460.1880 -1.0000 -1 M12
1442.0044 -1.0000 -1 M17
469.0557 -1.0000 -1 M19
225.1801 -1.0000 -1 M18
552.8032 -1.0000 -1 M150
406.0522 -1.0000 -1 M392
1934.9241 -1.0000 -1 M391
758.9419 -1.0000 -1 M390
2083.6116 -1.0000 -1 M175
1226.3754 -1.0000 -1 M173
338.8243 -1.0000 -1 M178
916.6893 -1.0000 -1 M177
799.6340 -1.0000 -1 M20
546.3170 -1.0000 -1 M22
1467.1678 -1.0000 -1 M21
1497.5083 -1.0000 -1 M23
1448.6099 -1.0000 -1 M26
2212.2410 -1.0000 -1 M25
1760.3097 -1.0000 -1 M28
1455.1611 -1.0000 -1 M27
2131.5276 -1.0000 -1 M1072
1112.9885 -1.0000 -1 M29
1265.1676 -1.0000 -1 M1077
1274.3981 -1.0000 -1 M1078
1697.7742 -1.0000 -1 M1079
1140.7249 -1.0000 -1 M1074
502.2947 -1.0000 -1 M181
908.5372 -1.0000 -1 M1075
1181.8916 -1.0000 -1 M165
927.6783 -1.0000 -1 M164
1316.2717 -1.0000 -1 M163
1365.9090 -1.0000 -1 M162
501.8715 -1.0000 -1 M169
543.5264 -1.0000 -1 M168
916.0405 -1.0000 -1 M166
1309.4481 -1.0000 -1 M31
661.8465 -1.0000 -1 M30
782.2994 -1.0000 -1 M33
1028.8697 -1.0000 -1 M32
552.5419 -1.0000 -1 M35
1031.5461 -1.0000 -1 M34
1093.0579 -1.0000 -1 M37
875.9581 -1.0000 -1 M1080
1500.7091 -1.0000 -1 M1082
1546.5946 -1.0000 -1 M1083
541.3605 -1.0000 -1 M1088
749.5892 -1.0000 -1 M1089
643.4446 -1.0000 -1 M172
968.5714 -1.0000 -1 M1085
1920.5002 -1.0000 -1 M170
1968.9153 -1.0000 -1 M1086
589.9216 -1.0000 -1 M1087
744.2698 -1.0000 -1 M197
1046.2328 -1.0000 -1 M196
1625.1402 -1.0000 -1 M195
624.3510 -1.0000 -1 M199
1453.1357 -1.0000 -1 M40
293.2567 -1.0000 -1 M42
1429.1833 -1.0000 -1 M41
1093.8142 -1.0000 -1 M43
1535.9192 -1.0000 -1 M46
1568.5317 -1.0000 -1 M45
1443.9194 -1.0000 -1 M48
2634.0937 -1.0000 -1 M47
1291.5221 -1.0000 -1 M49
689.1405 -1.0000 -1 M186
1027.4986 -1.0000 -1 M184
807.6773 -1.0000 -1 M189
1807.5652 -1.0000 -1 M188
1868.6428 -1.0000 -1 M50
1725.1753 -1.0000 -1 M52
671.9948 -1.0000 -1 M55
2114.9335 -1.0000 -1 M54
227.1698 -1.0000 -1 M56
1883.8109 -1.0000 -1 M59
781.9302 -1.0000 -1 M58
1138.6233 -1.0000 -1 M190
2331.1291 -1.0000 -1 M193
1290.0899 -1.0000 -1 M192
713.6360 -1.0000 -1 M191
1202.3271 -1.0000 -1 M60
2262.3502 -1.0000 -1 M63
275.5702 -1.0000 -1 M65
351.2975 -1.0000 -1 M68
1036.0676 -1.0000 -1 M67
2292.5050 -1.0000 -1 M69
643.2427 -1.0000 -1 M73
1261.9907 -1.0000 -1 M75
1763.2144 -1.0000 -1 M74
1660.4415 -1.0000 -1 M78
