# time  created  delivered  delivered/created
32.0000 1 0 0.0000
44.6000 1 1 1.0000
58.0000 2 1 0.5000
84.0000 3 1 0.3333
112.0000 4 1 0.2500
144.0000 5 1 0.2000
170.0000 6 1 0.1667
203.0000 7 1 0.1429
233.0000 8 1 0.1250
237.0000 8 2 0.2500
246.1000 8 3 0.3750
265.0000 9 3 0.3333
291.0000 10 3 0.3000
320.0000 11 3 0.2727
333.7000 11 4 0.3636
345.0000 12 4 0.3333
379.0000 13 4 0.3077
392.6000 13 5 0.3846
405.0000 14 5 0.3571
431.0000 15 5 0.3333
444.2000 15 6 0.4000
464.0000 16 6 0.3750
467.4000 16 7 0.4375
476.9000 16 8 0.5000
498.0000 17 8 0.4706
523.0000 18 8 0.4444
557.0000 19 8 0.4211
566.3000 19 9 0.4737
582.0000 20 9 0.4500
609.0000 21 9 0.4286
624.9000 21 10 0.4762
640.0000 22 10 0.4545
669.0000 23 10 0.4348
680.3000 23 11 0.4783
698.0000 24 11 0.4583
730.0000 25 11 0.4400
757.0000 26 11 0.4231
785.0000 27 11 0.4074
818.0000 28 11 0.3929
852.0000 29 11 0.3793
855.5000 29 12 0.4138
876.7000 29 13 0.4483
881.0000 30 13 0.4333
913.0000 31 13 0.4194
945.0000 32 13 0.4063
976.0000 33 13 0.3939
1007.0000 34 13 0.3824
1035.0000 35 13 0.3714
1060.0000 36 13 0.3611
1092.0000 37 13 0.3514
1093.3000 37 14 0.3784
1121.0000 38 14 0.3684
1154.0000 39 14 0.3590
1184.0000 40 14 0.3500
1216.0000 41 14 0.3415
1249.0000 42 14 0.3333
1281.0000 43 14 0.3256
1313.0000 44 14 0.3182
1345.0000 45 14 0.3111
1378.0000 46 14 0.3043
1411.0000 47 14 0.2979
1437.0000 48 14 0.2917
1455.6000 48 15 0.3125
1465.0000 49 15 0.3061
1498.0000 50 15 0.3000
1528.0000 51 15 0.2941
1560.0000 52 15 0.2885
1586.0000 53 15 0.2830
1617.0000 54 15 0.2778
1646.0000 55 15 0.2727
1677.0000 56 15 0.2679
1707.0000 57 15 0.2632
1739.0000 58 15 0.2586
1769.0000 59 15 0.2542
1801.0000 60 15 0.2500
1826.0000 61 15 0.2459
1826.8000 61 16 0.2623
1855.0000 62 16 0.2581
1888.0000 63 16 0.2540
1915.0000 64 16 0.2500
1944.0000 65 16 0.2462
1973.0000 66 16 0.2424
1998.0000 67 16 0.2388
2025.0000 68 16 0.2353
2059.0000 69 16 0.2319
2062.1000 69 17 0.2464
2091.0000 70 17 0.2429
2124.0000 71 17 0.2394
2151.0000 71 18 0.2535
2152.0000 72 18 0.2500
2182.0000 73 18 0.2466
2214.0000 74 18 0.2432
2233.5000 74 19 0.2568
2239.0000 75 19 0.2533
2270.0000 76 19 0.2500
2274.9000 76 20 0.2632
2298.0000 77 20 0.2597
2302.3000 77 21 0.2727
2332.0000 78 21 0.2692
2362.0000 79 21 0.2658
2387.0000 80 21 0.2625
2420.0000 81 21 0.2593
2425.1000 81 22 0.2716
2450.0000 82 22 0.2683
2477.0000 83 22 0.2651
2502.0000 84 22 0.2619
2533.0000 85 22 0.2588
2565.0000 86 22 0.2558
2593.0000 87 22 0.2529
2627.0000 88 22 0.2500
2660.0000 89 22 0.2472
2691.0000 90 22 0.2444
2724.0000 91 22 0.2418
2756.0000 92 22 0.2391
2789.0000 93 22 0.2366
2820.0000 94 22 0.2340
2850.0000 95 22 0.2316
2856.9000 95 23 0.2421
2881.0000 96 23 0.2396
2909.0000 97 23 0.2371
2938.0000 98 23 0.2347
2958.5000 98 24 0.2449
2965.0000 99 24 0.2424
2990.0000 100 24 0.2400
3022.0000 101 24 0.2376
3054.0000 102 24 0.2353
3060.6000 102 25 0.2451
3081.0000 103 25 0.2427
3114.0000 104 25 0.2404
3140.0000 105 25 0.2381
3165.0000 106 25 0.2358
3199.0000 107 25 0.2336
3229.0000 108 25 0.2315
3261.0000 109 25 0.2294
3288.0000 110 25 0.2273
3319.0000 111 25 0.2252
3352.0000 112 25 0.2232
3380.0000 113 25 0.2212
3409.0000 114 25 0.2193
3435.0000 115 25 0.2174
3465.0000 116 25 0.2155
3466.3000 116 26 0.2241
3494.0000 117 26 0.2222
3525.0000 118 26 0.2203
3554.0000 119 26 0.2185
3587.0000 120 26 0.2167
3616.0000 121 26 0.2149
3618.0000 121 27 0.2231
3628.2000 121 28 0.2314
3641.0000 122 28 0.2295
3673.0000 123 28 0.2276
3702.0000 124 28 0.2258
3709.3000 124 29 0.2339
3734.0000 125 29 0.2320
3766.0000 126 29 0.2302
3791.0000 127 29 0.2283
3816.0000 128 29 0.2266
3846.0000 129 29 0.2248
3871.9000 129 30 0.2326
3873.0000 130 30 0.2308
3906.0000 131 30 0.2290
3931.0000 132 30 0.2273
3961.0000 133 30 0.2256
3963.4000 133 31 0.2331
3991.0000 134 31 0.2313
4022.0000 135 31 0.2296
4027.2000 135 32 0.2370
4048.0000 136 32 0.2353
4073.0000 137 32 0.2336
4106.0000 138 32 0.2319
4135.0000 139 32 0.2302
4164.0000 140 32 0.2286
4191.0000 141 32 0.2270
4218.0000 142 32 0.2254
4247.0000 143 32 0.2238
4274.0000 144 32 0.2222
4307.0000 145 32 0.2207
4340.5000 145 33 0.2276
4341.0000 146 33 0.2260
4371.0000 147 33 0.2245
4397.0000 148 33 0.2230
4423.0000 149 33 0.2215
4448.0000 150 33 0.2200
4481.0000 151 33 0.2185
4514.0000 152 33 0.2171
4519.0000 152 34 0.2237
4540.0000 153 34 0.2222
4573.0000 154 34 0.2208
4594.7000 154 35 0.2273
4602.0000 155 35 0.2258
4631.0000 156 35 0.2244
4660.0000 157 35 0.2229
4692.0000 158 35 0.2215
4694.0000 158 36 0.2278
4719.0000 159 36 0.2264
4751.0000 160 36 0.2250
4778.0000 161 36 0.2236
4804.0000 162 36 0.2222
4832.0000 163 36 0.2209
4858.0000 164 36 0.2195
4877.0000 164 37 0.2256
4886.0000 165 37 0.2242
4920.0000 166 37 0.2229
4948.0000 167 37 0.2216
4978.0000 168 37 0.2202
4999.0000 168 38 0.2262
5009.0000 169 38 0.2249
5041.0000 170 38 0.2235
5058.1000 170 39 0.2294
5063.3000 170 40 0.2353
5071.0000 171 40 0.2339
5102.0000 172 40 0.2326
5111.7000 172 41 0.2384
5132.0000 173 41 0.2370
5154.3000 173 42 0.2428
5155.3000 173 43 0.2486
5163.0000 174 43 0.2471
5190.7000 174 44 0.2529
5196.0000 175 44 0.2514
5226.0000 176 44 0.2500
5243.7000 176 45 0.2557
5256.0000 177 45 0.2542
5289.0000 178 45 0.2528
5303.5000 178 46 0.2584
5318.0000 179 46 0.2570
5352.0000 180 46 0.2556
5370.1000 180 47 0.2611
5379.0000 181 47 0.2597
5404.0000 182 47 0.2582
5432.0000 183 47 0.2568
5457.0000 184 47 0.2554
5464.0000 184 48 0.2609
5464.7000 184 49 0.2663
5487.0000 185 49 0.2649
5488.2000 185 50 0.2703
5517.0000 186 50 0.2688
5544.0000 187 50 0.2674
5554.6000 187 51 0.2727
5575.0000 188 51 0.2713
5605.0000 189 51 0.2698
5637.0000 190 51 0.2684
5671.0000 191 51 0.2670
5701.0000 192 51 0.2656
5729.0000 193 51 0.2642
5760.0000 194 51 0.2629
5786.0000 195 51 0.2615
5820.0000 196 51 0.2602
5850.0000 197 51 0.2589
5881.0000 198 51 0.2576
5913.0000 199 51 0.2563
5944.0000 200 51 0.2550
5971.0000 201 51 0.2537
5988.4000 201 52 0.2587
5997.0000 202 52 0.2574
6030.0000 203 52 0.2562
6044.9000 203 53 0.2611
6060.0000 204 53 0.2598
6087.0000 205 53 0.2585
6103.5000 205 54 0.2634
6114.0000 206 54 0.2621
6142.8000 206 55 0.2670
6143.0000 207 55 0.2657
6169.0000 208 55 0.2644
6183.6000 208 56 0.2692
6194.0000 209 56 0.2679
6226.0000 210 56 0.2667
6256.0000 211 56 0.2654
6288.0000 212 56 0.2642
6318.0000 213 56 0.2629
6348.0000 214 56 0.2617
6372.2000 214 57 0.2664
6378.0000 215 57 0.2651
6403.0000 216 57 0.2639
6410.6000 216 58 0.2685
6430.0000 217 58 0.2673
6463.0000 218 58 0.2661
6478.4000 218 59 0.2706
6496.0000 219 59 0.2694
6522.0000 220 59 0.2682
6553.0000 221 59 0.2670
6583.0000 222 59 0.2658
6606.6000 222 60 0.2703
6614.0000 223 60 0.2691
6633.8000 223 61 0.2735
6647.0000 224 61 0.2723
6679.0000 225 61 0.2711
6704.0000 226 61 0.2699
6729.0000 227 61 0.2687
6761.0000 228 61 0.2675
6786.0000 229 61 0.2664
6819.0000 230 61 0.2652
6851.0000 231 61 0.2641
6883.0000 232 61 0.2629
6910.0000 233 61 0.2618
6913.8000 233 62 0.2661
6936.0000 234 62 0.2650
6965.0000 235 62 0.2638
6968.2000 235 63 0.2681
6995.3000 235 64 0.2723
6999.0000 236 64 0.2712
7026.0000 237 64 0.2700
7056.0000 238 64 0.2689
7090.0000 239 64 0.2678
7124.0000 240 64 0.2667
7145.0000 240 65 0.2708
7151.0000 241 65 0.2697
7182.0000 242 65 0.2686
7207.0000 243 65 0.2675
7213.0000 243 66 0.2716
7222.4000 243 67 0.2757
7241.0000 244 67 0.2746
7275.0000 245 67 0.2735
7296.6000 245 68 0.2776
7309.0000 246 68 0.2764
7337.0000 247 68 0.2753
7367.0000 248 68 0.2742
7393.0000 249 68 0.2731
7405.0000 249 69 0.2771
7422.0000 250 69 0.2760
7450.0000 251 69 0.2749
7456.4000 251 70 0.2789
7477.0000 252 70 0.2778
7507.0000 253 70 0.2767
7515.4000 253 71 0.2806
7538.0000 254 71 0.2795
7572.0000 255 71 0.2784
7603.0000 256 71 0.2773
7632.0000 257 71 0.2763
7660.0000 258 71 0.2752
7691.0000 259 71 0.2741
7716.0000 260 71 0.2731
7742.0000 261 71 0.2720
7774.0000 262 71 0.2710
7788.8000 262 72 0.2748
7801.0000 263 72 0.2738
7829.0000 264 72 0.2727
7854.0000 265 72 0.2717
7882.0000 266 72 0.2707
7915.0000 267 72 0.2697
7942.0000 268 72 0.2687
7972.0000 269 72 0.2677
8001.0000 270 72 0.2667
8026.0000 271 72 0.2657
8059.0000 272 72 0.2647
8084.0000 273 72 0.2637
8112.0000 274 72 0.2628
8143.0000 275 72 0.2618
8176.0000 276 72 0.2609
8203.0000 277 72 0.2599
8217.0000 277 73 0.2635
8236.0000 278 73 0.2626
8261.0000 279 73 0.2616
8280.6000 279 74 0.2652
8287.0000 280 74 0.2643
8313.0000 281 74 0.2633
8339.0000 282 74 0.2624
8367.0000 283 74 0.2615
8394.0000 284 74 0.2606
8427.0000 285 74 0.2596
8455.0000 286 74 0.2587
8486.0000 287 74 0.2578
8513.0000 288 74 0.2569
8542.0000 289 74 0.2561
8566.5000 289 75 0.2595
8574.0000 290 75 0.2586
8575.5000 290 76 0.2621
8583.4000 290 77 0.2655
8607.0000 291 77 0.2646
8634.0000 292 77 0.2637
8659.0000 293 77 0.2628
8689.0000 294 77 0.2619
8722.0000 295 77 0.2610
8745.7000 295 78 0.2644
8748.0000 296 78 0.2635
8750.8000 296 79 0.2669
8775.0000 297 79 0.2660
8800.0000 298 79 0.2651
8828.0000 299 79 0.2642
8856.0000 300 79 0.2633
8887.0000 301 79 0.2625
8917.0000 302 79 0.2616
8947.0000 303 79 0.2607
8973.0000 304 79 0.2599
8999.0000 305 79 0.2590
9003.8000 305 80 0.2623
9024.0000 306 80 0.2614
9055.0000 307 80 0.2606
9088.0000 308 80 0.2597
9119.0000 309 80 0.2589
9145.0000 310 80 0.2581
9163.8000 310 81 0.2613
9174.0000 311 81 0.2605
9204.0000 312 81 0.2596
9235.0000 313 81 0.2588
9250.1000 313 82 0.2620
9260.0000 314 82 0.2611
9270.6000 314 83 0.2643
9291.0000 315 83 0.2635
9296.0000 315 84 0.2667
9322.0000 316 84 0.2658
9355.0000 317 84 0.2650
9380.0000 318 84 0.2642
9405.0000 319 84 0.2633
9409.4000 319 85 0.2665
9432.0000 320 85 0.2656
9436.9000 320 86 0.2688
9438.1000 320 87 0.2719
9466.0000 321 87 0.2710
9494.0000 322 87 0.2702
9520.0000 323 87 0.2693
9547.0000 324 87 0.2685
9567.7000 324 88 0.2716
9573.0000 325 88 0.2708
9600.0000 326 88 0.2699
9634.0000 327 88 0.2691
9661.0000 328 88 0.2683
9695.0000 329 88 0.2675
9726.0000 330 88 0.2667
9752.0000 331 88 0.2659
9778.0000 332 88 0.2651
9806.0000 333 88 0.2643
9835.0000 334 88 0.2635
9862.0000 335 88 0.2627
9891.0000 336 88 0.2619
9918.0000 337 88 0.2611
9951.0000 338 88 0.2604
9976.0000 339 88 0.2596
10005.0000 340 88 0.2588
10034.0000 341 88 0.2581
10068.0000 342 88 0.2573
10095.0000 343 88 0.2566
10125.0000 344 88 0.2558
10150.0000 345 88 0.2551
10181.0000 346 88 0.2543
10210.0000 347 88 0.2536
10236.0000 348 88 0.2529
10269.0000 349 88 0.2521
10294.0000 350 88 0.2514
10324.0000 351 88 0.2507
10349.0000 352 88 0.2500
10379.0000 353 88 0.2493
10410.0000 354 88 0.2486
10416.2000 354 89 0.2514
10418.7000 354 90 0.2542
10441.0000 355 90 0.2535
10471.0000 356 90 0.2528
10505.0000 357 90 0.2521
10530.0000 358 90 0.2514
10559.0000 359 90 0.2507
10574.7000 359 91 0.2535
10593.0000 360 91 0.2528
10620.0000 361 91 0.2521
10654.0000 362 91 0.2514
10684.0000 363 91 0.2507
10717.0000 364 91 0.2500
10743.0000 365 91 0.2493
10775.0000 366 91 0.2486
10807.0000 367 91 0.2480
10836.0000 368 91 0.2473
10842.4000 368 92 0.2500
10861.0000 369 92 0.2493
10873.5000 369 93 0.2520
10886.0000 370 93 0.2514
10900.6000 370 94 0.2541
10903.2000 370 95 0.2568
10913.0000 371 95 0.2561
10943.0000 372 95 0.2554
10970.0000 373 95 0.2547
10996.0000 374 95 0.2540
11029.0000 375 95 0.2533
11060.0000 376 95 0.2527
11086.0000 377 95 0.2520
11112.0000 378 95 0.2513
11137.0000 379 95 0.2507
11163.0000 380 95 0.2500
11164.6000 380 96 0.2526
11196.0000 381 96 0.2520
11224.0000 382 96 0.2513
11256.0000 383 96 0.2507
11288.0000 384 96 0.2500
11314.0000 385 96 0.2494
11346.0000 386 96 0.2487
11371.0000 386 97 0.2513
11376.0000 387 97 0.2506
11403.0000 388 97 0.2500
11436.0000 389 97 0.2494
11469.0000 390 97 0.2487
11495.0000 391 97 0.2481
11525.0000 392 97 0.2474
11558.0000 393 97 0.2468
11587.0000 394 97 0.2462
11618.0000 395 97 0.2456
11644.0000 396 97 0.2449
11649.2000 396 98 0.2475
11671.0000 397 98 0.2469
11704.0000 398 98 0.2462
11734.0000 399 98 0.2456
11765.0000 400 98 0.2450
11799.0000 401 98 0.2444
11829.0000 402 98 0.2438
11860.0000 403 98 0.2432
11887.0000 404 98 0.2426
11912.0000 405 98 0.2420
11924.1000 405 99 0.2444
11945.0000 406 99 0.2438
11970.0000 407 99 0.2432
11999.0000 408 99 0.2426
12033.0000 409 99 0.2421
12065.0000 410 99 0.2415
12093.0000 411 99 0.2409
12125.0000 412 99 0.2403
12159.0000 413 99 0.2397
12165.7000 413 100 0.2421
12167.8000 413 101 0.2446
12185.0000 414 101 0.2440
12212.9000 414 102 0.2464
12215.0000 415 102 0.2458
12241.0000 416 102 0.2452
12268.0000 417 102 0.2446
12299.0000 418 102 0.2440
12329.0000 419 102 0.2434
12362.0000 420 102 0.2429
12396.0000 421 102 0.2423
12399.0000 421 103 0.2447
12428.0000 422 103 0.2441
12435.2000 422 104 0.2464
12460.0000 423 104 0.2459
12487.0000 424 104 0.2453
12490.6000 424 105 0.2476
12514.0000 425 105 0.2471
12543.0000 426 105 0.2465
12573.0000 427 105 0.2459
12602.0000 428 105 0.2453
12629.0000 429 105 0.2448
12649.4000 429 106 0.2471
12656.0000 430 106 0.2465
12685.0000 431 106 0.2459
12711.0000 432 106 0.2454
12739.0000 433 106 0.2448
12765.0000 434 106 0.2442
12797.0000 435 106 0.2437
12824.0000 436 106 0.2431
12851.0000 437 106 0.2426
12879.0000 438 106 0.2420
12912.0000 438 107 0.2443
12913.0000 439 107 0.2437
12946.0000 440 107 0.2432
12953.9000 440 108 0.2455
12972.0000 441 108 0.2449
13001.0000 442 108 0.2443
13030.0000 443 108 0.2438
13058.0000 444 108 0.2432
13084.0000 445 108 0.2427
13091.1000 445 109 0.2449
13116.0000 446 109 0.2444
13150.0000 447 109 0.2438
13184.0000 448 109 0.2433
13211.0000 449 109 0.2428
13237.0000 450 109 0.2422
13270.0000 451 109 0.2417
13296.0000 452 109 0.2412
13321.0000 453 109 0.2406
13321.2000 453 110 0.2428
13346.0000 454 110 0.2423
13379.0000 455 110 0.2418
13384.6000 455 111 0.2440
13390.1000 455 112 0.2462
13408.0000 456 112 0.2456
13412.8000 456 113 0.2478
13436.0000 457 113 0.2473
13439.0000 457 114 0.2495
13461.0000 458 114 0.2489
13488.0000 459 114 0.2484
13516.0000 460 114 0.2478
13544.0000 461 114 0.2473
13569.2000 461 115 0.2495
13570.0000 462 115 0.2489
13602.0000 463 115 0.2484
13635.0000 464 115 0.2478
13660.0000 465 115 0.2473
13670.7000 465 116 0.2495
13692.0000 466 116 0.2489
13696.9000 466 117 0.2511
13726.0000 467 117 0.2505
13746.2000 467 118 0.2527
13760.0000 468 118 0.2521
13789.0000 469 118 0.2516
13823.0000 470 118 0.2511
13856.0000 471 118 0.2505
13881.0000 472 118 0.2500
13912.0000 473 118 0.2495
13941.0000 474 118 0.2489
13975.0000 475 118 0.2484
14007.0000 476 118 0.2479
14033.0000 477 118 0.2474
14058.0000 478 118 0.2469
14092.0000 479 118 0.2463
14124.0000 480 118 0.2458
14150.0000 481 118 0.2453
14183.0000 482 118 0.2448
14211.0000 483 118 0.2443
14214.7000 483 119 0.2464
14245.0000 484 119 0.2459
14272.0000 485 119 0.2454
14300.0000 486 119 0.2449
14300.0000 486 120 0.2469
14334.0000 487 120 0.2464
14367.0000 488 120 0.2459
14400.0000 489 120 0.2454
14423.3000 489 121 0.2474
14428.0000 490 121 0.2469
14461.0000 491 121 0.2464
14489.0000 492 121 0.2459
14520.0000 493 121 0.2454
14541.2000 493 122 0.2475
14553.0000 494 122 0.2470
14556.2000 494 123 0.2490
14580.0000 495 123 0.2485
14600.0000 495 124 0.2505
14612.0000 496 124 0.2500
14634.7000 496 125 0.2520
14643.0000 497 125 0.2515
14669.0000 498 125 0.2510
14703.0000 499 125 0.2505
14736.0000 500 125 0.2500
14768.0000 501 125 0.2495
14794.0000 502 125 0.2490
14828.0000 503 125 0.2485
14843.7000 503 126 0.2505
14856.0000 504 126 0.2500
14881.0000 505 126 0.2495
14906.0000 506 126 0.2490
14934.0000 507 126 0.2485
14963.0000 508 126 0.2480
14971.0000 508 127 0.2500
14996.0000 509 127 0.2495
15004.0000 509 128 0.2515
15025.0000 510 128 0.2510
15041.9000 510 129 0.2529
15054.0000 511 129 0.2524
15061.3000 511 130 0.2544
15081.0000 512 130 0.2539
15111.0000 513 130 0.2534
15144.0000 514 130 0.2529
15174.0000 515 130 0.2524
15208.0000 516 130 0.2519
15239.0000 517 130 0.2515
15271.0000 518 130 0.2510
15295.6000 518 131 0.2529
15304.0000 519 131 0.2524
15331.0000 520 131 0.2519
15363.0000 521 131 0.2514
15390.6000 521 132 0.2534
15392.0000 522 132 0.2529
15424.0000 523 132 0.2524
15458.0000 524 132 0.2519
15465.0000 524 133 0.2538
15487.0000 525 133 0.2533
15511.9000 525 134 0.2552
15517.0000 526 134 0.2548
15550.0000 527 134 0.2543
15583.0000 528 134 0.2538
15609.0000 529 134 0.2533
15639.0000 530 134 0.2528
15657.5000 530 135 0.2547
15670.0000 531 135 0.2542
15698.0000 532 135 0.2538
15716.6000 532 136 0.2556
15728.0000 533 136 0.2552
15757.0000 534 136 0.2547
15784.0000 535 136 0.2542
15815.0000 536 136 0.2537
15815.4000 536 137 0.2556
15844.0000 537 137 0.2551
15872.0000 538 137 0.2546
15898.0000 539 137 0.2542
15928.0000 540 137 0.2537
15930.9000 540 138 0.2556
15939.8000 540 139 0.2574
15962.0000 541 139 0.2569
15994.0000 542 139 0.2565
16021.2000 542 140 0.2583
16024.0000 543 140 0.2578
16025.2000 543 141 0.2597
16058.0000 544 141 0.2592
16090.0000 545 141 0.2587
16123.0000 546 141 0.2582
16155.0000 547 141 0.2578
16185.0000 548 141 0.2573
16215.0000 549 141 0.2568
16245.0000 550 141 0.2564
16270.0000 551 141 0.2559
16299.0000 552 141 0.2554
16323.0000 552 142 0.2572
16333.0000 553 142 0.2568
16362.0000 554 142 0.2563
16394.0000 555 142 0.2559
16422.0000 556 142 0.2554
16449.0000 557 142 0.2549
16483.0000 558 142 0.2545
16510.0000 559 142 0.2540
16528.1000 559 143 0.2558
16543.0000 560 143 0.2554
16570.0000 561 143 0.2549
16603.0000 562 143 0.2544
16635.0000 563 143 0.2540
16661.0000 564 143 0.2535
16689.0000 565 143 0.2531
16717.0000 566 143 0.2527
16750.0000 567 143 0.2522
16783.0000 568 143 0.2518
16797.6000 568 144 0.2535
16809.0000 569 144 0.2531
16838.0000 570 144 0.2526
16865.0000 571 144 0.2522
16895.0000 572 144 0.2517
16927.0000 573 144 0.2513
16928.6000 573 145 0.2531
16957.0000 574 145 0.2526
16974.7000 574 146 0.2544
16985.0000 575 146 0.2539
17016.0000 576 146 0.2535
17021.0000 576 147 0.2552
17050.0000 577 147 0.2548
17080.0000 578 147 0.2543
17108.0000 579 147 0.2539
17142.0000 580 147 0.2534
17171.0000 581 147 0.2530
17192.3000 581 148 0.2547
17200.0000 582 148 0.2543
17200.4000 582 149 0.2560
17234.0000 583 149 0.2556
17268.0000 584 149 0.2551
17298.0000 585 149 0.2547
17324.2000 585 150 0.2564
17326.0000 586 150 0.2560
17354.0000 587 150 0.2555
17383.0000 588 150 0.2551
17413.0000 589 150 0.2547
17447.0000 590 150 0.2542
17473.0000 591 150 0.2538
17507.0000 592 150 0.2534
17532.0000 593 150 0.2530
17557.0000 594 150 0.2525
17583.0000 595 150 0.2521
17608.0000 596 150 0.2517
17638.0000 597 150 0.2513
17657.8000 597 151 0.2529
17672.0000 598 151 0.2525
17698.0000 599 151 0.2521
17727.0000 600 151 0.2517
17739.1000 600 152 0.2533
17756.0000 601 152 0.2529
17764.7000 601 153 0.2546
17784.0000 602 153 0.2542
17818.0000 603 153 0.2537
17844.0000 604 153 0.2533
17872.0000 605 153 0.2529
17904.0000 606 153 0.2525
17936.0000 607 153 0.2521
17965.0000 608 153 0.2516
17998.0000 609 153 0.2512
18025.0000 610 153 0.2508
18057.0000 611 153 0.2504
18082.0000 612 153 0.2500
18112.0000 613 153 0.2496
18140.0000 614 153 0.2492
18170.0000 615 153 0.2488
18197.0000 616 153 0.2484
18225.0000 617 153 0.2480
18259.0000 618 153 0.2476
18292.0000 619 153 0.2472
18311.7000 619 154 0.2488
18320.0000 620 154 0.2484
18352.0000 621 154 0.2480
18374.1000 621 155 0.2496
18382.0000 622 155 0.2492
18408.0000 623 155 0.2488
18436.0000 624 155 0.2484
18470.0000 625 155 0.2480
18480.0000 625 156 0.2496
18500.0000 626 156 0.2492
18532.0000 627 156 0.2488
18566.0000 628 156 0.2484
18600.0000 629 156 0.2480
18628.0000 630 156 0.2476
18660.0000 631 156 0.2472
18676.1000 631 157 0.2488
18692.0000 632 157 0.2484
18724.0000 633 157 0.2480
18753.0000 634 157 0.2476
18784.0000 635 157 0.2472
18809.0000 636 157 0.2469
18837.0000 637 157 0.2465
18867.0000 638 157 0.2461
18900.0000 639 157 0.2457
18933.0000 640 157 0.2453
18960.0000 641 157 0.2449
18982.3000 641 158 0.2465
18993.0000 642 158 0.2461
19027.0000 643 158 0.2457
19054.0000 644 158 0.2453
19079.0000 645 158 0.2450
19105.0000 646 158 0.2446
19133.0000 647 158 0.2442
19134.6000 647 159 0.2457
19160.0000 648 159 0.2454
19178.6000 648 160 0.2469
19191.0000 649 160 0.2465
19222.0000 650 160 0.2462
19235.8000 650 161 0.2477
19250.0000 651 161 0.2473
19252.8000 651 162 0.2488
19275.0000 652 162 0.2485
19309.0000 653 162 0.2481
19322.6000 653 163 0.2496
19338.0000 654 163 0.2492
19370.2000 654 164 0.2508
19372.0000 655 164 0.2504
19405.0000 656 164 0.2500
19438.0000 657 164 0.2496
19465.0000 658 164 0.2492
19491.0000 659 164 0.2489
19522.0000 660 164 0.2485
19551.0000 661 164 0.2481
19561.6000 661 165 0.2496
19579.0000 662 165 0.2492
19604.0000 663 165 0.2489
19634.0000 664 165 0.2485
19664.0000 665 165 0.2481
19694.0000 666 165 0.2477
19726.0000 667 165 0.2474
19757.0000 668 165 0.2470
19767.3000 668 166 0.2485
19787.0000 669 166 0.2481
19820.0000 670 166 0.2478
19847.0000 671 166 0.2474
19881.0000 672 166 0.2470
19911.0000 673 166 0.2467
19944.0000 674 166 0.2463
19973.0000 675 166 0.2459
19999.2000 675 167 0.2474
20003.0000 676 167 0.2470
20018.6000 676 168 0.2485
20029.5000 676 169 0.2500
20032.4000 676 170 0.2515
20033.0000 677 170 0.2511
20063.0000 678 170 0.2507
20092.0000 679 170 0.2504
20099.2000 679 171 0.2518
20123.0000 680 171 0.2515
20148.0000 681 171 0.2511
20178.0000 682 171 0.2507
20203.0000 683 171 0.2504
20230.0000 684 171 0.2500
20258.0000 685 171 0.2496
20279.2000 685 172 0.2511
20286.0000 686 172 0.2507
20286.5000 686 173 0.2522
20316.0000 687 173 0.2518
20330.4000 687 174 0.2533
20344.0000 688 174 0.2529
20378.0000 689 174 0.2525
20409.0000 690 174 0.2522
20441.0000 691 174 0.2518
20452.1000 691 175 0.2533
20475.0000 692 175 0.2529
20509.0000 693 175 0.2525
20541.0000 694 175 0.2522
20571.0000 695 175 0.2518
20598.0000 696 175 0.2514
20598.8000 696 176 0.2529
20628.0000 697 176 0.2525
20654.0000 698 176 0.2521
20670.0000 698 177 0.2536
20682.0000 699 177 0.2532
20709.0000 700 177 0.2529
20738.0000 701 177 0.2525
20755.8000 701 178 0.2539
20768.0000 702 178 0.2536
20801.0000 703 178 0.2532
20827.0000 704 178 0.2528
20858.0000 705 178 0.2525
20868.1000 705 179 0.2539
20884.0000 706 179 0.2535
20913.0000 707 179 0.2532
20926.5000 707 180 0.2546
20942.0000 708 180 0.2542
20969.0000 709 180 0.2539
21003.0000 710 180 0.2535
21032.0000 711 180 0.2532
21062.0000 712 180 0.2528
21093.0000 713 180 0.2525
21123.0000 714 180 0.2521
21142.6000 714 181 0.2535
21149.7000 714 182 0.2549
21154.0000 715 182 0.2545
21187.0000 716 182 0.2542
21216.0000 717 182 0.2538
21244.0000 718 182 0.2535
21272.0000 719 182 0.2531
21306.0000 720 182 0.2528
21332.0000 721 182 0.2524
21348.9000 721 183 0.2538
21361.0000 722 183 0.2535
21390.0000 723 183 0.2531
21419.0000 724 183 0.2528
21419.7000 724 184 0.2541
21446.0000 725 184 0.2538
21477.0000 726 184 0.2534
21507.0000 727 184 0.2531
21534.0000 728 184 0.2527
21562.0000 729 184 0.2524
21566.4000 729 185 0.2538
21596.0000 730 185 0.2534
21621.0000 731 185 0.2531
21648.0000 732 185 0.2527
21682.0000 733 185 0.2524
21715.0000 734 185 0.2520
21730.6000 734 186 0.2534
21747.0000 735 186 0.2531
21774.0000 736 186 0.2527
21791.1000 736 187 0.2541
21801.0000 737 187 0.2537
21820.2000 737 188 0.2551
21828.7000 737 189 0.2564
21833.0000 738 189 0.2561
21858.0000 739 189 0.2558
21890.0000 740 189 0.2554
21923.0000 741 189 0.2551
21939.4000 741 190 0.2564
21954.0000 742 190 0.2561
21981.0000 743 190 0.2557
22014.0000 744 190 0.2554
22044.0000 745 190 0.2550
22077.0000 746 190 0.2547
22104.0000 747 190 0.2544
22127.2000 747 191 0.2557
22129.0000 748 191 0.2553
22155.9000 748 192 0.2567
22156.2000 748 193 0.2580
22158.0000 749 193 0.2577
22185.0000 750 193 0.2573
22203.8000 750 194 0.2587
22219.0000 751 194 0.2583
22253.0000 752 194 0.2580
22279.0000 753 194 0.2576
22305.0000 754 194 0.2573
22335.0000 755 194 0.2570
22367.0000 756 194 0.2566
22399.0000 757 194 0.2563
22426.0000 758 194 0.2559
22431.4000 758 195 0.2573
22439.2000 758 196 0.2586
22455.0000 759 196 0.2582
22489.0000 760 196 0.2579
22518.0000 761 196 0.2576
22545.0000 762 196 0.2572
22564.5000 762 197 0.2585
22571.0000 763 197 0.2582
22600.0000 764 197 0.2579
22629.0000 765 197 0.2575
22661.0000 766 197 0.2572
22693.0000 767 197 0.2568
22723.0000 768 197 0.2565
22755.0000 769 197 0.2562
22782.0000 770 197 0.2558
22816.0000 771 197 0.2555
22846.0000 772 197 0.2552
22876.9000 772 198 0.2565
22878.0000 773 198 0.2561
22907.0000 774 198 0.2558
22937.0000 775 198 0.2555
22963.0000 776 198 0.2552
22989.0000 777 198 0.2548
23014.0000 778 198 0.2545
23044.0000 779 198 0.2542
23076.0000 780 198 0.2538
23085.3000 780 199 0.2551
23104.2000 780 200 0.2564
23105.0000 781 200 0.2561
23135.0000 782 200 0.2558
23163.0000 783 200 0.2554
23186.6000 783 201 0.2567
23194.0000 784 201 0.2564
23226.0000 785 201 0.2561
23251.0000 786 201 0.2557
23284.0000 787 201 0.2554
23311.0000 788 201 0.2551
23337.0000 789 201 0.2548
23367.0000 790 201 0.2544
23393.0000 791 201 0.2541
23420.0000 792 201 0.2538
23447.0000 793 201 0.2535
23477.0000 794 201 0.2531
23510.0000 795 201 0.2528
23538.0000 796 201 0.2525
23564.0000 797 201 0.2522
23594.0000 798 201 0.2519
23626.0000 799 201 0.2516
23631.6000 799 202 0.2528
23653.0000 800 202 0.2525
23682.0000 801 202 0.2522
23709.0000 802 202 0.2519
23740.0000 803 202 0.2516
23766.0000 804 202 0.2512
23799.0000 805 202 0.2509
23804.6000 805 203 0.2522
23825.0000 806 203 0.2519
23852.0000 806 204 0.2531
23854.0000 807 204 0.2528
23885.0000 808 204 0.2525
23910.0000 809 204 0.2522
23938.0000 810 204 0.2519
23962.1000 810 205 0.2531
23969.0000 811 205 0.2528
23998.0000 812 205 0.2525
24018.1000 812 206 0.2537
24031.0000 813 206 0.2534
24061.0000 814 206 0.2531
24088.0000 815 206 0.2528
24113.0000 816 206 0.2525
24142.0000 817 206 0.2521
24171.0000 818 206 0.2518
24205.0000 819 206 0.2515
24235.0000 820 206 0.2512
24260.0000 821 206 0.2509
24286.0000 822 206 0.2506
24316.0000 823 206 0.2503
24347.0000 824 206 0.2500
24373.0000 825 206 0.2497
24401.0000 826 206 0.2494
24426.0000 827 206 0.2491
24452.0000 828 206 0.2488
24482.0000 829 206 0.2485
24508.4000 829 207 0.2497
24512.0000 830 207 0.2494
24543.0000 831 207 0.2491
24569.0000 832 207 0.2488
24598.0000 833 207 0.2485
24631.0000 834 207 0.2482
24660.0000 835 207 0.2479
24685.1000 835 208 0.2491
24687.0000 836 208 0.2488
24714.0000 837 208 0.2485
24746.0000 838 208 0.2482
24780.0000 839 208 0.2479
24810.2000 839 209 0.2491
24814.0000 840 209 0.2488
24847.0000 841 209 0.2485
24878.0000 842 209 0.2482
24909.0000 843 209 0.2479
24940.0000 844 209 0.2476
24971.0000 845 209 0.2473
24999.0000 846 209 0.2470
25027.0000 847 209 0.2468
25053.0000 848 209 0.2465
25067.6000 848 210 0.2476
25083.0000 849 210 0.2473
25110.0000 850 210 0.2471
25144.0000 851 210 0.2468
25149.9000 851 211 0.2479
25176.0000 852 211 0.2477
25201.0000 853 211 0.2474
25234.0000 854 211 0.2471
25261.0000 855 211 0.2468
25289.0000 856 211 0.2465
25316.0000 857 211 0.2462
25349.0000 858 211 0.2459
25382.0000 859 211 0.2456
25385.6000 859 212 0.2468
25408.2000 859 213 0.2480
25412.0000 860 213 0.2477
25438.0000 861 213 0.2474
25466.0000 862 213 0.2471
25500.0000 863 213 0.2468
25531.0000 864 213 0.2465
25533.8000 864 214 0.2477
25558.0000 865 214 0.2474
25568.1000 865 215 0.2486
25592.0000 866 215 0.2483
25621.0000 867 215 0.2480
25654.0000 868 215 0.2477
25659.5000 868 216 0.2488
25683.0000 869 216 0.2486
25696.3000 869 217 0.2497
25716.0000 870 217 0.2494
25747.0000 871 217 0.2491
25774.0000 872 217 0.2489
25802.8000 872 218 0.2500
25803.0000 873 218 0.2497
25832.0000 874 218 0.2494
25863.0000 875 218 0.2491
25896.0000 876 218 0.2489
25921.0000 877 218 0.2486
25950.0000 878 218 0.2483
25979.0000 879 218 0.2480
26010.0000 880 218 0.2477
26039.0000 881 218 0.2474
26067.0000 882 218 0.2472
26094.0000 883 218 0.2469
26121.0000 884 218 0.2466
26155.0000 885 218 0.2463
26187.0000 886 218 0.2460
26201.3000 886 219 0.2472
26220.0000 887 219 0.2469
26245.0000 888 219 0.2466
26278.0000 889 219 0.2463
26308.0000 890 219 0.2461
26326.0000 890 220 0.2472
26336.0000 891 220 0.2469
26366.0000 892 220 0.2466
26399.0000 893 220 0.2464
26425.0000 894 220 0.2461
26427.4000 894 221 0.2472
26444.6000 894 222 0.2483
26459.0000 895 222 0.2480
26490.0000 896 222 0.2478
26520.0000 897 222 0.2475
26545.0000 898 222 0.2472
26573.0000 899 222 0.2469
26601.0000 900 222 0.2467
26631.0000 901 222 0.2464
26655.8000 901 223 0.2475
26665.0000 902 223 0.2472
26692.0000 903 223 0.2470
26725.0000 904 223 0.2467
26725.1000 904 224 0.2478
26754.0000 905 224 0.2475
26763.6000 905 225 0.2486
26779.0000 906 225 0.2483
26783.4000 906 226 0.2494
26807.0000 907 226 0.2492
26837.0000 908 226 0.2489
26865.0000 909 226 0.2486
26892.0000 910 226 0.2484
26898.9000 910 227 0.2495
26920.0000 911 227 0.2492
26948.0000 912 227 0.2489
26979.0000 913 227 0.2486
27008.0000 914 227 0.2484
27039.0000 915 227 0.2481
27064.0000 916 227 0.2478
27090.2000 916 228 0.2489
27092.0000 917 228 0.2486
27121.0000 918 228 0.2484
27150.0000 919 228 0.2481
27184.0000 920 228 0.2478
27209.0000 921 228 0.2476
27243.0000 922 228 0.2473
27263.0000 922 229 0.2484
27275.0000 923 229 0.2481
27302.0000 924 229 0.2478
27332.0000 925 229 0.2476
27366.0000 926 229 0.2473
27383.7000 926 230 0.2484
27397.0000 927 230 0.2481
27427.0000 928 230 0.2478
27461.0000 929 230 0.2476
27461.7000 929 231 0.2487
27492.0000 930 231 0.2484
27524.0000 931 231 0.2481
27525.3000 931 232 0.2492
27554.0000 932 232 0.2489
27564.3000 932 233 0.2500
27567.2000 932 234 0.2511
27580.0000 933 234 0.2508
27609.0000 934 234 0.2505
27625.5000 934 235 0.2516
27641.0000 935 235 0.2513
27667.0000 936 235 0.2511
27692.0000 937 235 0.2508
27717.0000 938 235 0.2505
27750.0000 939 235 0.2503
27781.0000 940 235 0.2500
27811.0000 941 235 0.2497
27825.1000 941 236 0.2508
27845.0000 942 236 0.2505
27879.0000 943 236 0.2503
27908.0000 944 236 0.2500
27931.5000 944 237 0.2511
27933.0000 945 237 0.2508
27957.8000 945 238 0.2519
27966.0000 946 238 0.2516
27997.0000 947 238 0.2513
28030.0000 948 238 0.2511
28062.0000 949 238 0.2508
28087.0000 950 238 0.2505
28102.5000 950 239 0.2516
28118.0000 951 239 0.2513
28145.0000 952 239 0.2511
28173.0000 953 239 0.2508
28202.0000 954 239 0.2505
28230.0000 955 239 0.2503
28234.8000 955 240 0.2513
28254.1000 955 241 0.2524
28263.0000 956 241 0.2521
28294.0000 957 241 0.2518
28323.0000 958 241 0.2516
28346.7000 958 242 0.2526
28354.0000 959 242 0.2523
28379.0000 960 242 0.2521
28406.0000 961 242 0.2518
28420.9000 961 243 0.2529
28432.0000 962 243 0.2526
28457.0000 963 243 0.2523
28485.0000 964 243 0.2521
28514.0000 965 243 0.2518
28544.0000 966 243 0.2516
28569.0000 967 243 0.2513
28569.6000 967 244 0.2523
28593.9000 967 245 0.2534
28599.0000 968 245 0.2531
28629.0000 969 245 0.2528
28630.4000 969 246 0.2539
28656.0000 970 246 0.2536
28673.1000 970 247 0.2546
28690.0000 971 247 0.2544
28703.2000 971 248 0.2554
28703.3000 971 249 0.2564
28722.0000 972 249 0.2562
28748.0000 973 249 0.2559
28761.9000 973 250 0.2569
28762.6000 973 251 0.2580
28773.0000 974 251 0.2577
28798.0000 975 251 0.2574
28827.0000 976 251 0.2572
28854.0000 977 251 0.2569
28880.0000 978 251 0.2566
28885.2000 978 252 0.2577
28893.9000 978 253 0.2587
28909.0000 979 253 0.2584
28917.9000 979 254 0.2594
28937.0000 980 254 0.2592
28971.0000 981 254 0.2589
28997.0000 982 254 0.2587
29028.0000 983 254 0.2584
29054.0000 984 254 0.2581
29086.0000 985 254 0.2579
29100.2000 985 255 0.2589
29114.0000 986 255 0.2586
29146.0000 987 255 0.2584
29177.0000 988 255 0.2581
29195.0000 988 256 0.2591
29206.0000 989 256 0.2588
29231.0000 990 256 0.2586
29260.0000 991 256 0.2583
29290.0000 992 256 0.2581
29318.0000 993 256 0.2578
29349.7000 993 257 0.2588
29352.0000 994 257 0.2586
29369.6000 994 258 0.2596
29383.0000 995 258 0.2593
29413.0000 996 258 0.2590
29447.0000 997 258 0.2588
29478.0000 998 258 0.2585
29511.0000 999 258 0.2583
29522.8000 999 259 0.2593
29544.0000 1000 259 0.2590
29571.0000 1001 259 0.2587
29592.6000 1001 260 0.2597
29602.0000 1002 260 0.2595
29633.0000 1003 260 0.2592
29660.0000 1004 260 0.2590
29685.0000 1005 260 0.2587
29719.0000 1006 260 0.2584
29747.0000 1007 260 0.2582
29778.0000 1008 260 0.2579
29803.0000 1009 260 0.2577
29829.0000 1010 260 0.2574
29857.0000 1011 260 0.2572
29890.0000 1012 260 0.2569
29920.0000 1013 260 0.2567
29939.7000 1013 261 0.2577
29947.0000 1014 261 0.2574
29973.0000 1015 261 0.2571
29975.7000 1015 262 0.2581
29980.2000 1015 263 0.2591
30001.0000 1016 263 0.2589
30035.0000 1017 263 0.2586
30065.0000 1018 263 0.2583
30095.0000 1019 263 0.2581
30121.0000 1020 263 0.2578
30152.0000 1021 263 0.2576
30182.0000 1022 263 0.2573
30211.0000 1023 263 0.2571
30240.0000 1024 263 0.2568
30274.0000 1025 263 0.2566
30280.0000 1025 264 0.2576
30302.0000 1026 264 0.2573
30327.0000 1027 264 0.2571
30357.0000 1028 264 0.2568
30387.0000 1029 264 0.2566
30400.4000 1029 265 0.2575
30415.0000 1030 265 0.2573
30447.0000 1030 266 0.2583
30448.0000 1031 266 0.2580
30478.0000 1032 266 0.2578
30510.0000 1033 266 0.2575
30536.0000 1034 266 0.2573
30565.0000 1035 266 0.2570
30598.0000 1036 266 0.2568
30624.0000 1037 266 0.2565
30650.0000 1038 266 0.2563
30680.0000 1039 266 0.2560
30700.4000 1039 267 0.2570
30711.0000 1040 267 0.2567
30743.0000 1041 267 0.2565
30747.6000 1041 268 0.2574
30776.0000 1042 268 0.2572
30795.3000 1042 269 0.2582
30810.0000 1043 269 0.2579
30838.0000 1044 269 0.2577
30865.0000 1045 269 0.2574
30891.0000 1046 269 0.2572
30922.0000 1047 269 0.2569
30949.0000 1048 269 0.2567
30967.7000 1048 270 0.2576
30975.0000 1049 270 0.2574
31007.0000 1050 270 0.2571
31038.0000 1051 270 0.2569
31067.0000 1052 270 0.2567
31092.0000 1053 270 0.2564
31121.0000 1054 270 0.2562
31153.0000 1055 270 0.2559
31186.0000 1056 270 0.2557
31194.5000 1056 271 0.2566
31216.0000 1057 271 0.2564
31248.0000 1058 271 0.2561
31282.0000 1059 271 0.2559
31309.0000 1060 271 0.2557
31321.2000 1060 272 0.2566
31333.8000 1060 273 0.2575
31335.0000 1061 273 0.2573
31345.4000 1061 274 0.2582
31348.3000 1061 275 0.2592
31367.0000 1062 275 0.2589
31398.0000 1063 275 0.2587
31400.1000 1063 276 0.2596
31423.3000 1063 277 0.2606
31427.0000 1064 277 0.2603
31459.0000 1065 277 0.2601
31487.0000 1066 277 0.2598
31518.0000 1067 277 0.2596
31533.7000 1067 278 0.2605
31544.0000 1068 278 0.2603
31578.0000 1069 278 0.2601
31612.0000 1070 278 0.2598
31644.0000 1071 278 0.2596
31669.0000 1072 278 0.2593
31703.0000 1073 278 0.2591
31729.0000 1074 278 0.2588
31755.0000 1075 278 0.2586
31783.0000 1076 278 0.2584
31811.0000 1077 278 0.2581
31841.0000 1078 278 0.2579
31870.0000 1079 278 0.2576
31892.9000 1079 279 0.2586
31904.0000 1080 279 0.2583
31938.0000 1081 279 0.2581
31969.0000 1082 279 0.2579
31987.5000 1082 280 0.2588
31996.0000 1083 280 0.2585
32024.0000 1084 280 0.2583
32058.0000 1085 280 0.2581
32076.8000 1085 281 0.2590
32085.0000 1086 281 0.2587
32089.0000 1086 282 0.2597
32114.0000 1087 282 0.2594
32144.0000 1088 282 0.2592
32171.0000 1089 282 0.2590
32201.0000 1090 282 0.2587
32230.0000 1091 282 0.2585
32260.0000 1092 282 0.2582
32292.0000 1093 282 0.2580
32320.0000 1094 282 0.2578
32325.2000 1094 283 0.2587
32346.0000 1095 283 0.2584
32349.9000 1095 284 0.2594
32373.0000 1096 284 0.2591
32398.7000 1096 285 0.2600
32404.0000 1097 285 0.2598
32426.0000 1097 286 0.2607
32428.6000 1097 287 0.2616
32436.0000 1098 287 0.2614
32447.6000 1098 288 0.2623
32462.0000 1099 288 0.2621
32489.0000 1100 288 0.2618
32515.0000 1101 288 0.2616
32534.9000 1101 289 0.2625
32542.0000 1102 289 0.2623
32576.0000 1103 289 0.2620
32604.0000 1104 289 0.2618
32638.0000 1105 289 0.2615
32672.0000 1106 289 0.2613
32704.0000 1107 289 0.2611
32731.0000 1108 289 0.2608
32765.0000 1109 289 0.2606
32773.2000 1109 290 0.2615
32794.0000 1110 290 0.2613
32813.0000 1110 291 0.2622
32827.0000 1111 291 0.2619
32860.0000 1112 291 0.2617
32885.0000 1113 291 0.2615
32900.0000 1113 292 0.2624
32913.0000 1114 292 0.2621
32946.0000 1115 292 0.2619
32977.0000 1116 292 0.2616
33003.0000 1117 292 0.2614
33036.0000 1118 292 0.2612
33056.7000 1118 293 0.2621
33069.0000 1119 293 0.2618
33098.0000 1120 293 0.2616
33128.0000 1121 293 0.2614
33143.0000 1121 294 0.2623
33143.4000 1121 295 0.2632
33155.0000 1122 295 0.2629
33188.0000 1123 295 0.2627
33218.0000 1124 295 0.2625
33247.0000 1125 295 0.2622
33276.0000 1126 295 0.2620
33310.0000 1127 295 0.2618
33331.0000 1127 296 0.2626
33336.0000 1128 296 0.2624
33365.0000 1129 296 0.2622
33399.0000 1130 296 0.2619
33430.0000 1131 296 0.2617
33458.0000 1132 296 0.2615
33491.0000 1133 296 0.2613
33519.0000 1134 296 0.2610
33553.0000 1135 296 0.2608
33580.0000 1136 296 0.2606
33612.0000 1137 296 0.2603
33627.1000 1137 297 0.2612
33642.0000 1138 297 0.2610
33667.0000 1139 297 0.2608
33701.0000 1140 297 0.2605
33731.0000 1141 297 0.2603
33759.0000 1142 297 0.2601
33787.0000 1143 297 0.2598
33818.0000 1144 297 0.2596
33828.8000 1144 298 0.2605
33851.0000 1145 298 0.2603
33877.0000 1146 298 0.2600
33905.0000 1147 298 0.2598
33932.0000 1148 298 0.2596
33946.9000 1148 299 0.2605
33960.0000 1149 299 0.2602
33978.1000 1149 300 0.2611
33985.0000 1150 300 0.2609
34015.0000 1151 300 0.2606
34043.0000 1152 300 0.2604
34062.3000 1152 301 0.2613
34069.0000 1153 301 0.2611
34095.0000 1154 301 0.2608
34120.0000 1155 301 0.2606
34152.0000 1156 301 0.2604
34185.0000 1157 301 0.2602
34216.0000 1158 301 0.2599
34246.0000 1159 301 0.2597
34277.0000 1160 301 0.2595
34302.0000 1161 301 0.2593
34327.0000 1162 301 0.2590
34356.0000 1163 301 0.2588
34388.0000 1164 301 0.2586
34410.4000 1164 302 0.2595
34420.0000 1165 302 0.2592
34448.0000 1166 302 0.2590
34481.0000 1167 302 0.2588
34508.0000 1168 302 0.2586
34518.9000 1168 303 0.2594
34538.0000 1169 303 0.2592
34564.0000 1170 303 0.2590
34581.4000 1170 304 0.2598
34598.0000 1171 304 0.2596
34609.3000 1171 305 0.2605
34624.0000 1172 305 0.2602
34627.5000 1172 306 0.2611
34657.0000 1173 306 0.2609
34682.0000 1174 306 0.2606
34713.0000 1175 306 0.2604
34744.0000 1176 306 0.2602
34776.0000 1177 306 0.2600
34802.0000 1178 306 0.2598
34827.0000 1179 306 0.2595
34855.0000 1180 306 0.2593
34881.0000 1181 306 0.2591
34915.0000 1182 306 0.2589
34945.0000 1183 306 0.2587
34977.0000 1184 306 0.2584
34995.1000 1184 307 0.2593
35002.0000 1185 307 0.2591
35036.0000 1186 307 0.2589
35066.0000 1187 307 0.2586
35067.0000 1187 308 0.2595
35097.0000 1188 308 0.2593
35124.0000 1189 308 0.2590
35150.0000 1190 308 0.2588
35176.0000 1191 308 0.2586
35205.0000 1192 308 0.2584
35232.0000 1193 308 0.2582
35261.0000 1194 308 0.2580
35289.0000 1195 308 0.2577
35315.0000 1196 308 0.2575
35343.0000 1197 308 0.2573
35369.0000 1198 308 0.2571
35394.0000 1199 308 0.2569
35399.5000 1199 309 0.2577
35409.9000 1199 310 0.2585
35425.0000 1200 310 0.2583
35456.0000 1201 310 0.2581
35490.0000 1202 310 0.2579
35501.7000 1202 311 0.2587
35516.0000 1203 311 0.2585
35544.0000 1204 311 0.2583
35569.0000 1205 311 0.2581
35598.0000 1206 311 0.2579
35629.0000 1207 311 0.2577
35641.2000 1207 312 0.2585
35645.0000 1207 313 0.2593
35663.0000 1208 313 0.2591
35688.0000 1209 313 0.2589
35717.0000 1210 313 0.2587
35742.8000 1210 314 0.2595
35745.0000 1211 314 0.2593
35775.0000 1212 314 0.2591
35804.0000 1213 314 0.2589
35834.0000 1214 314 0.2586
35849.3000 1214 315 0.2595
35866.0000 1215 315 0.2593
35891.0000 1216 315 0.2590
35894.1000 1216 316 0.2599
35922.0000 1217 316 0.2597
35922.6000 1217 317 0.2605
35953.0000 1218 317 0.2603
35965.7000 1218 318 0.2611
35984.0000 1219 318 0.2609
36018.0000 1220 318 0.2607
36048.0000 1221 318 0.2604
36061.9000 1221 319 0.2613
36081.0000 1222 319 0.2610
36113.0000 1223 319 0.2608
36124.5000 1223 320 0.2617
36140.0000 1224 320 0.2614
36169.0000 1225 320 0.2612
36196.0000 1226 320 0.2610
36214.3000 1226 321 0.2618
36222.0000 1227 321 0.2616
36230.3000 1227 322 0.2624
36247.0000 1228 322 0.2622
36281.0000 1229 322 0.2620
36284.2000 1229 323 0.2628
36314.0000 1230 323 0.2626
36339.6000 1230 324 0.2634
36346.0000 1231 324 0.2632
36347.5000 1231 325 0.2640
36380.0000 1232 325 0.2638
36409.0000 1233 325 0.2636
36442.0000 1234 325 0.2634
36469.0000 1235 325 0.2632
36503.0000 1236 325 0.2629
36532.0000 1237 325 0.2627
36559.5000 1237 326 0.2635
36562.0000 1238 326 0.2633
36590.0000 1239 326 0.2631
36620.0000 1240 326 0.2629
36650.0000 1241 326 0.2627
36683.0000 1242 326 0.2625
36694.3000 1242 327 0.2633
36713.0000 1243 327 0.2631
36738.0000 1244 327 0.2629
36763.0000 1245 327 0.2627
36793.0000 1246 327 0.2624
36821.0000 1247 327 0.2622
36849.0000 1248 327 0.2620
36883.0000 1249 327 0.2618
36912.0000 1250 327 0.2616
36929.6000 1250 328 0.2624
36941.0000 1251 328 0.2622
36970.0000 1252 328 0.2620
36996.0000 1253 328 0.2618
37028.0000 1254 328 0.2616
37057.0000 1255 328 0.2614
37087.0000 1256 328 0.2611
37118.0000 1257 328 0.2609
37152.0000 1258 328 0.2607
37181.0000 1259 328 0.2605
37184.5000 1259 329 0.2613
37212.0000 1260 329 0.2611
37243.0000 1261 329 0.2609
37262.4000 1261 330 0.2617
37276.0000 1262 330 0.2615
37306.0000 1263 330 0.2613
37311.4000 1263 331 0.2621
37335.0000 1264 331 0.2619
37365.0000 1265 331 0.2617
37399.0000 1266 331 0.2615
37429.0000 1267 331 0.2612
37462.0000 1268 331 0.2610
37465.6000 1268 332 0.2618
37492.0000 1269 332 0.2616
37524.0000 1270 332 0.2614
37555.0000 1271 332 0.2612
37580.0000 1272 332 0.2610
37609.0000 1273 332 0.2608
37640.0000 1274 332 0.2606
37673.0000 1275 332 0.2604
37700.0000 1276 332 0.2602
37724.9000 1276 333 0.2610
37732.0000 1277 333 0.2608
37761.0000 1278 333 0.2606
37793.0000 1279 333 0.2604
37820.0000 1280 333 0.2602
37848.0000 1281 333 0.2600
37877.0000 1282 333 0.2598
37910.0000 1283 333 0.2595
37935.0000 1284 333 0.2593
37963.0000 1285 333 0.2591
37992.0000 1286 333 0.2589
38024.0000 1287 333 0.2587
38057.0000 1288 333 0.2585
38091.0000 1289 333 0.2583
38116.0000 1290 333 0.2581
38144.0000 1291 333 0.2579
38155.3000 1291 334 0.2587
38175.0000 1292 334 0.2585
38203.0000 1293 334 0.2583
38235.0000 1294 334 0.2581
38262.0000 1295 334 0.2579
38295.0000 1296 334 0.2577
38321.0000 1297 334 0.2575
38349.0000 1298 334 0.2573
38375.0000 1299 334 0.2571
38407.0000 1300 334 0.2569
38432.0000 1301 334 0.2567
38459.0000 1301 335 0.2575
38461.0000 1302 335 0.2573
38488.0000 1303 335 0.2571
38519.0000 1304 335 0.2569
38551.0000 1305 335 0.2567
38584.0000 1306 335 0.2565
38615.0000 1307 335 0.2563
38646.0000 1308 335 0.2561
38662.5000 1308 336 0.2569
38673.0000 1309 336 0.2567
38706.0000 1310 336 0.2565
38739.0000 1311 336 0.2563
38770.0000 1312 336 0.2561
38804.0000 1313 336 0.2559
38830.0000 1314 336 0.2557
38860.0000 1315 336 0.2555
38894.0000 1316 336 0.2553
38920.0000 1317 336 0.2551
38950.0000 1318 336 0.2549
38977.0000 1319 336 0.2547
39007.8000 1319 337 0.2555
39008.0000 1320 337 0.2553
39038.0000 1321 337 0.2551
39069.0000 1322 337 0.2549
39095.0000 1323 337 0.2547
39124.0000 1324 337 0.2545
39155.0000 1325 337 0.2543
39186.0000 1326 337 0.2541
39215.0000 1327 337 0.2540
39245.0000 1328 337 0.2538
39278.0000 1329 337 0.2536
39311.0000 1330 337 0.2534
39338.0000 1331 337 0.2532
39372.0000 1332 337 0.2530
39403.0000 1333 337 0.2528
39432.0000 1334 337 0.2526
39461.0000 1335 337 0.2524
39488.0000 1336 337 0.2522
39516.0000 1337 337 0.2521
39541.0000 1338 337 0.2519
39566.0000 1339 337 0.2517
39598.0000 1340 337 0.2515
39628.0000 1341 337 0.2513
39658.0000 1342 337 0.2511
39691.0000 1343 337 0.2509
39718.0000 1344 337 0.2507
39752.0000 1345 337 0.2506
39785.0000 1346 337 0.2504
39811.0000 1347 337 0.2502
39845.0000 1348 337 0.2500
39875.0000 1349 337 0.2498
39904.0000 1350 337 0.2496
39938.0000 1351 337 0.2494
39969.0000 1352 337 0.2493
39997.0000 1353 337 0.2491
40030.0000 1354 337 0.2489
40062.7000 1354 338 0.2496
40064.0000 1355 338 0.2494
40098.0000 1356 338 0.2493
40123.0000 1357 338 0.2491
40127.5000 1357 339 0.2498
40152.0000 1358 339 0.2496
40152.9000 1358 340 0.2504
40177.7000 1358 341 0.2511
40181.0000 1359 341 0.2509
40209.0000 1360 341 0.2507
40243.0000 1361 341 0.2506
40273.0000 1362 341 0.2504
40307.0000 1363 341 0.2502
40337.0000 1364 341 0.2500
40353.4000 1364 342 0.2507
40362.0000 1365 342 0.2505
40388.0000 1366 342 0.2504
40402.2000 1366 343 0.2511
40414.0000 1367 343 0.2509
40440.0000 1368 343 0.2507
40471.0000 1369 343 0.2505
40500.0000 1370 343 0.2504
40534.0000 1371 343 0.2502
40567.0000 1372 343 0.2500
40596.0000 1373 343 0.2498
40630.0000 1374 343 0.2496
40661.0000 1375 343 0.2495
40683.7000 1375 344 0.2502
40689.0000 1376 344 0.2500
40716.0000 1377 344 0.2498
40744.0000 1378 344 0.2496
40770.0000 1379 344 0.2495
40800.0000 1380 344 0.2493
40831.0000 1381 344 0.2491
40859.0000 1382 344 0.2489
40888.0000 1383 344 0.2487
40918.0000 1384 344 0.2486
40952.0000 1385 344 0.2484
40978.0000 1386 344 0.2482
41003.0000 1387 344 0.2480
41028.0000 1388 344 0.2478
41035.5000 1388 345 0.2486
41062.0000 1389 345 0.2484
41094.0000 1390 345 0.2482
41124.0000 1391 345 0.2480
41152.0000 1392 345 0.2478
41181.0000 1393 345 0.2477
41214.0000 1394 345 0.2475
41245.0000 1395 345 0.2473
41274.0000 1396 345 0.2471
41306.0000 1397 345 0.2470
41336.0000 1398 345 0.2468
41362.0000 1399 345 0.2466
41388.0000 1400 345 0.2464
41420.0000 1401 345 0.2463
41446.0000 1402 345 0.2461
41480.0000 1403 345 0.2459
41507.0000 1404 345 0.2457
41538.0000 1405 345 0.2456
41566.0000 1406 345 0.2454
41595.0000 1407 345 0.2452
41626.0000 1408 345 0.2450
41632.8000 1408 346 0.2457
41653.8000 1408 347 0.2464
41659.0000 1409 347 0.2463
41687.0000 1410 347 0.2461
41719.0000 1411 347 0.2459
41744.0000 1412 347 0.2458
41773.0000 1413 347 0.2456
41801.0000 1414 347 0.2454
41830.0000 1415 347 0.2452
41864.0000 1416 347 0.2451
41893.0000 1417 347 0.2449
41921.0000 1418 347 0.2447
41947.0000 1419 347 0.2445
41972.0000 1420 347 0.2444
41984.2000 1420 348 0.2451
41997.0000 1421 348 0.2449
42025.0000 1422 348 0.2447
42054.0000 1423 348 0.2446
42081.0000 1424 348 0.2444
42114.0000 1425 348 0.2442
42144.0000 1426 348 0.2440
42170.0000 1427 348 0.2439
42185.6000 1427 349 0.2446
42197.0000 1428 349 0.2444
42227.0000 1429 349 0.2442
42261.0000 1430 349 0.2441
42294.0000 1431 349 0.2439
42320.0000 1432 349 0.2437
42353.0000 1433 349 0.2435
42378.0000 1434 349 0.2434
42412.0000 1435 349 0.2432
42438.1000 1435 350 0.2439
42442.0000 1436 350 0.2437
42458.5000 1436 351 0.2444
42472.0000 1437 351 0.2443
42484.1000 1437 352 0.2450
42501.0000 1438 352 0.2448
42535.0000 1439 352 0.2446
42565.0000 1440 352 0.2444
42575.5000 1440 353 0.2451
42599.0000 1441 353 0.2450
42629.0000 1442 353 0.2448
42655.0000 1443 353 0.2446
42689.0000 1444 353 0.2445
42714.0000 1445 353 0.2443
42742.0000 1446 353 0.2441
42768.0000 1447 353 0.2440
42801.0000 1448 353 0.2438
42831.0000 1449 353 0.2436
42865.0000 1450 353 0.2434
42890.0000 1451 353 0.2433
42924.0000 1452 353 0.2431
42953.0000 1453 353 0.2429
42982.0000 1454 353 0.2428
43012.0000 1455 353 0.2426
43039.0000 1456 353 0.2424
43072.0000 1457 353 0.2423
43101.0000 1458 353 0.2421
43130.0000 1459 353 0.2419
43161.0000 1460 353 0.2418
43195.0000 1461 353 0.2416
